addi $a0, $zero, 4:
 PC FASE $zero $at  $v0  $v1  $a0  $a1  $a2  $a3  $t0  $t1  $t2  $t3  $t4  $t5  $t6  $t7  $s0  $s1  $s2  $s3  $s4  $s5  $s6  $s7  $t8  $t9  $k0  $k1  $gp  $sp  $fp  $ra
  0 IF     0    0    0    0    0    0    0    0    0    0    0    0    0    0    0    0    0    0    0    0    0    0    0    0    0    0    0    0    0    0    0    0 
  0 ID     0    0    0    0    0    0    0    0    0    0    0    0    0    0    0    0    0    0    0    0    0    0    0    0    0    0    0    0    0    0    0    0 
  0 EX     0    0    0    0    0    0    0    0    0    0    0    0    0    0    0    0    0    0    0    0    0    0    0    0    0    0    0    0    0    0    0    0 
  0 MEM    0    0    0    0    0    0    0    0    0    0    0    0    0    0    0    0    0    0    0    0    0    0    0    0    0    0    0    0    0    0    0    0 
  0 WB     0    0    0    0    4    0    0    0    0    0    0    0    0    0    0    0    0    0    0    0    0    0    0    0    0    0    0    0    0    0    0    0 

la $s5, ($zero):
 PC FASE $zero $at  $v0  $v1  $a0  $a1  $a2  $a3  $t0  $t1  $t2  $t3  $t4  $t5  $t6  $t7  $s0  $s1  $s2  $s3  $s4  $s5  $s6  $s7  $t8  $t9  $k0  $k1  $gp  $sp  $fp  $ra
  4 IF     0    0    0    0    4    0    0    0    0    0    0    0    0    0    0    0    0    0    0    0    0    0    0    0    0    0    0    0    0    0    0    0 
  4 ID     0    0    0    0    4    0    0    0    0    0    0    0    0    0    0    0    0    0    0    0    0    0    0    0    0    0    0    0    0    0    0    0 
  4 EX     0    0    0    0    4    0    0    0    0    0    0    0    0    0    0    0    0    0    0    0    0    0    0    0    0    0    0    0    0    0    0    0 
  4 MEM    0    0    0    0    4    0    0    0    0    0    0    0    0    0    0    0    0    0    0    0    0    0    0    0    0    0    0    0    0    0    0    0 
  4 WB     0    0    0    0    4    0    0    0    0    0    0    0    0    0    0    0    0    0    0    0    0    0    0    0    0    0    0    0    0    0    0    0 

jal FUNCION_RECURSIVA:
 PC FASE $zero $at  $v0  $v1  $a0  $a1  $a2  $a3  $t0  $t1  $t2  $t3  $t4  $t5  $t6  $t7  $s0  $s1  $s2  $s3  $s4  $s5  $s6  $s7  $t8  $t9  $k0  $k1  $gp  $sp  $fp  $ra
  8 IF     0    0    0    0    4    0    0    0    0    0    0    0    0    0    0    0    0    0    0    0    0    0    0    0    0    0    0    0    0    0    0    0 
 20 ID     0    0    0    0    4    0    0    0    0    0    0    0    0    0    0    0    0    0    0    0    0    0    0    0    0    0    0    0    0    0    0    0 
 20 EX     0    0    0    0    4    0    0    0    0    0    0    0    0    0    0    0    0    0    0    0    0    0    0    0    0    0    0    0    0    0    0    0 
 20 MEM    0    0    0    0    4    0    0    0    0    0    0    0    0    0    0    0    0    0    0    0    0    0    0    0    0    0    0    0    0    0    0    0 
 20 WB     0    0    0    0    4    0    0    0    0    0    0    0    0    0    0    0    0    0    0    0    0    0    0    0    0    0    0    0    0    0    0    3 

la $t0, ($a0):
 PC FASE $zero $at  $v0  $v1  $a0  $a1  $a2  $a3  $t0  $t1  $t2  $t3  $t4  $t5  $t6  $t7  $s0  $s1  $s2  $s3  $s4  $s5  $s6  $s7  $t8  $t9  $k0  $k1  $gp  $sp  $fp  $ra
 20 IF     0    0    0    0    4    0    0    0    0    0    0    0    0    0    0    0    0    0    0    0    0    0    0    0    0    0    0    0    0    0    0    3 
 20 ID     0    0    0    0    4    0    0    0    0    0    0    0    0    0    0    0    0    0    0    0    0    0    0    0    0    0    0    0    0    0    0    3 
 20 EX     0    0    0    0    4    0    0    0    0    0    0    0    0    0    0    0    0    0    0    0    0    0    0    0    0    0    0    0    0    0    0    3 
 20 MEM    0    0    0    0    4    0    0    0    0    0    0    0    0    0    0    0    0    0    0    0    0    0    0    0    0    0    0    0    0    0    0    3 
 20 WB     0    0    0    0    4    0    0    0    4    0    0    0    0    0    0    0    0    0    0    0    0    0    0    0    0    0    0    0    0    0    0    3 

addi $sp, $sp, -8:
 PC FASE $zero $at  $v0  $v1  $a0  $a1  $a2  $a3  $t0  $t1  $t2  $t3  $t4  $t5  $t6  $t7  $s0  $s1  $s2  $s3  $s4  $s5  $s6  $s7  $t8  $t9  $k0  $k1  $gp  $sp  $fp  $ra
 24 IF     0    0    0    0    4    0    0    0    4    0    0    0    0    0    0    0    0    0    0    0    0    0    0    0    0    0    0    0    0    0    0    3 
 24 ID     0    0    0    0    4    0    0    0    4    0    0    0    0    0    0    0    0    0    0    0    0    0    0    0    0    0    0    0    0    0    0    3 
 24 EX     0    0    0    0    4    0    0    0    4    0    0    0    0    0    0    0    0    0    0    0    0    0    0    0    0    0    0    0    0    0    0    3 
 24 MEM    0    0    0    0    4    0    0    0    4    0    0    0    0    0    0    0    0    0    0    0    0    0    0    0    0    0    0    0    0    0    0    3 
 24 WB     0    0    0    0    4    0    0    0    4    0    0    0    0    0    0    0    0    0    0    0    0    0    0    0    0    0    0    0    0   -8    0    3 

sw $ra, 0($sp):
 PC FASE $zero $at  $v0  $v1  $a0  $a1  $a2  $a3  $t0  $t1  $t2  $t3  $t4  $t5  $t6  $t7  $s0  $s1  $s2  $s3  $s4  $s5  $s6  $s7  $t8  $t9  $k0  $k1  $gp  $sp  $fp  $ra
 28 IF     0    0    0    0    4    0    0    0    4    0    0    0    0    0    0    0    0    0    0    0    0    0    0    0    0    0    0    0    0   -8    0    3 
 28 ID     0    0    0    0    4    0    0    0    4    0    0    0    0    0    0    0    0    0    0    0    0    0    0    0    0    0    0    0    0   -8    0    3 
 28 EX     0    0    0    0    4    0    0    0    4    0    0    0    0    0    0    0    0    0    0    0    0    0    0    0    0    0    0    0    0   -8    0    3 
 28 MEM    0    0    0    0    4    0    0    0    4    0    0    0    0    0    0    0    0    0    0    0    0    0    0    0    0    0    0    0    0   -8    0    3 
 28 WB     0    0    0    0    4    0    0    0    4    0    0    0    0    0    0    0    0    0    0    0    0    0    0    0    0    0    0    0    0   -8    0    3 

sw $s5, 4($sp):
 PC FASE $zero $at  $v0  $v1  $a0  $a1  $a2  $a3  $t0  $t1  $t2  $t3  $t4  $t5  $t6  $t7  $s0  $s1  $s2  $s3  $s4  $s5  $s6  $s7  $t8  $t9  $k0  $k1  $gp  $sp  $fp  $ra
 32 IF     0    0    0    0    4    0    0    0    4    0    0    0    0    0    0    0    0    0    0    0    0    0    0    0    0    0    0    0    0   -8    0    3 
 32 ID     0    0    0    0    4    0    0    0    4    0    0    0    0    0    0    0    0    0    0    0    0    0    0    0    0    0    0    0    0   -8    0    3 
 32 EX     0    0    0    0    4    0    0    0    4    0    0    0    0    0    0    0    0    0    0    0    0    0    0    0    0    0    0    0    0   -8    0    3 
 32 MEM    0    0    0    0    4    0    0    0    4    0    0    0    0    0    0    0    0    0    0    0    0    0    0    0    0    0    0    0    0   -8    0    3 
 32 WB     0    0    0    0    4    0    0    0    4    0    0    0    0    0    0    0    0    0    0    0    0    0    0    0    0    0    0    0    0   -8    0    3 

beq $t0, $zero, END_FUNCION:
 PC FASE $zero $at  $v0  $v1  $a0  $a1  $a2  $a3  $t0  $t1  $t2  $t3  $t4  $t5  $t6  $t7  $s0  $s1  $s2  $s3  $s4  $s5  $s6  $s7  $t8  $t9  $k0  $k1  $gp  $sp  $fp  $ra
 36 IF     0    0    0    0    4    0    0    0    4    0    0    0    0    0    0    0    0    0    0    0    0    0    0    0    0    0    0    0    0   -8    0    3 
 36 ID     0    0    0    0    4    0    0    0    4    0    0    0    0    0    0    0    0    0    0    0    0    0    0    0    0    0    0    0    0   -8    0    3 
 36 EX     0    0    0    0    4    0    0    0    4    0    0    0    0    0    0    0    0    0    0    0    0    0    0    0    0    0    0    0    0   -8    0    3 
 36 MEM    0    0    0    0    4    0    0    0    4    0    0    0    0    0    0    0    0    0    0    0    0    0    0    0    0    0    0    0    0   -8    0    3 
 36 WB     0    0    0    0    4    0    0    0    4    0    0    0    0    0    0    0    0    0    0    0    0    0    0    0    0    0    0    0    0   -8    0    3 

lw $t1, 0($s0):
 PC FASE $zero $at  $v0  $v1  $a0  $a1  $a2  $a3  $t0  $t1  $t2  $t3  $t4  $t5  $t6  $t7  $s0  $s1  $s2  $s3  $s4  $s5  $s6  $s7  $t8  $t9  $k0  $k1  $gp  $sp  $fp  $ra
 40 IF     0    0    0    0    4    0    0    0    4    0    0    0    0    0    0    0    0    0    0    0    0    0    0    0    0    0    0    0    0   -8    0    3 
 40 ID     0    0    0    0    4    0    0    0    4    0    0    0    0    0    0    0    0    0    0    0    0    0    0    0    0    0    0    0    0   -8    0    3 
 40 EX     0    0    0    0    4    0    0    0    4    0    0    0    0    0    0    0    0    0    0    0    0    0    0    0    0    0    0    0    0   -8    0    3 
 40 MEM    0    0    0    0    4    0    0    0    4    0    0    0    0    0    0    0    0    0    0    0    0    0    0    0    0    0    0    0    0   -8    0    3 
 40 WB     0    0    0    0    4    0    0    0    4    0    0    0    0    0    0    0    0    0    0    0    0    0    0    0    0    0    0    0    0   -8    0    3 

lw $t2, 4($s0):
 PC FASE $zero $at  $v0  $v1  $a0  $a1  $a2  $a3  $t0  $t1  $t2  $t3  $t4  $t5  $t6  $t7  $s0  $s1  $s2  $s3  $s4  $s5  $s6  $s7  $t8  $t9  $k0  $k1  $gp  $sp  $fp  $ra
 44 IF     0    0    0    0    4    0    0    0    4    0    0    0    0    0    0    0    0    0    0    0    0    0    0    0    0    0    0    0    0   -8    0    3 
 44 ID     0    0    0    0    4    0    0    0    4    0    0    0    0    0    0    0    0    0    0    0    0    0    0    0    0    0    0    0    0   -8    0    3 
 44 EX     0    0    0    0    4    0    0    0    4    0    0    0    0    0    0    0    0    0    0    0    0    0    0    0    0    0    0    0    0   -8    0    3 
 44 MEM    0    0    0    0    4    0    0    0    4    0    0    0    0    0    0    0    0    0    0    0    0    0    0    0    0    0    0    0    0   -8    0    3 
 44 WB     0    0    0    0    4    0    0    0    4    0    0    0    0    0    0    0    0    0    0    0    0    0    0    0    0    0    0    0    0   -8    0    3 

add $t4, $t1, $t2:
 PC FASE $zero $at  $v0  $v1  $a0  $a1  $a2  $a3  $t0  $t1  $t2  $t3  $t4  $t5  $t6  $t7  $s0  $s1  $s2  $s3  $s4  $s5  $s6  $s7  $t8  $t9  $k0  $k1  $gp  $sp  $fp  $ra
 48 IF     0    0    0    0    4    0    0    0    4    0    0    0    0    0    0    0    0    0    0    0    0    0    0    0    0    0    0    0    0   -8    0    3 
 48 ID     0    0    0    0    4    0    0    0    4    0    0    0    0    0    0    0    0    0    0    0    0    0    0    0    0    0    0    0    0   -8    0    3 
 48 EX     0    0    0    0    4    0    0    0    4    0    0    0    0    0    0    0    0    0    0    0    0    0    0    0    0    0    0    0    0   -8    0    3 
 48 MEM    0    0    0    0    4    0    0    0    4    0    0    0    0    0    0    0    0    0    0    0    0    0    0    0    0    0    0    0    0   -8    0    3 
 48 WB     0    0    0    0    4    0    0    0    4    0    0    0    0    0    0    0    0    0    0    0    0    0    0    0    0    0    0    0    0   -8    0    3 

lw $t3, 8($s0):
 PC FASE $zero $at  $v0  $v1  $a0  $a1  $a2  $a3  $t0  $t1  $t2  $t3  $t4  $t5  $t6  $t7  $s0  $s1  $s2  $s3  $s4  $s5  $s6  $s7  $t8  $t9  $k0  $k1  $gp  $sp  $fp  $ra
 52 IF     0    0    0    0    4    0    0    0    4    0    0    0    0    0    0    0    0    0    0    0    0    0    0    0    0    0    0    0    0   -8    0    3 
 52 ID     0    0    0    0    4    0    0    0    4    0    0    0    0    0    0    0    0    0    0    0    0    0    0    0    0    0    0    0    0   -8    0    3 
 52 EX     0    0    0    0    4    0    0    0    4    0    0    0    0    0    0    0    0    0    0    0    0    0    0    0    0    0    0    0    0   -8    0    3 
 52 MEM    0    0    0    0    4    0    0    0    4    0    0    0    0    0    0    0    0    0    0    0    0    0    0    0    0    0    0    0    0   -8    0    3 
 52 WB     0    0    0    0    4    0    0    0    4    0    0    0    0    0    0    0    0    0    0    0    0    0    0    0    0    0    0    0    0   -8    0    3 

add $s5, $t4, $t3:
 PC FASE $zero $at  $v0  $v1  $a0  $a1  $a2  $a3  $t0  $t1  $t2  $t3  $t4  $t5  $t6  $t7  $s0  $s1  $s2  $s3  $s4  $s5  $s6  $s7  $t8  $t9  $k0  $k1  $gp  $sp  $fp  $ra
 56 IF     0    0    0    0    4    0    0    0    4    0    0    0    0    0    0    0    0    0    0    0    0    0    0    0    0    0    0    0    0   -8    0    3 
 56 ID     0    0    0    0    4    0    0    0    4    0    0    0    0    0    0    0    0    0    0    0    0    0    0    0    0    0    0    0    0   -8    0    3 
 56 EX     0    0    0    0    4    0    0    0    4    0    0    0    0    0    0    0    0    0    0    0    0    0    0    0    0    0    0    0    0   -8    0    3 
 56 MEM    0    0    0    0    4    0    0    0    4    0    0    0    0    0    0    0    0    0    0    0    0    0    0    0    0    0    0    0    0   -8    0    3 
 56 WB     0    0    0    0    4    0    0    0    4    0    0    0    0    0    0    0    0    0    0    0    0    0    0    0    0    0    0    0    0   -8    0    3 

addi $s0, $s0, 12:
 PC FASE $zero $at  $v0  $v1  $a0  $a1  $a2  $a3  $t0  $t1  $t2  $t3  $t4  $t5  $t6  $t7  $s0  $s1  $s2  $s3  $s4  $s5  $s6  $s7  $t8  $t9  $k0  $k1  $gp  $sp  $fp  $ra
 60 IF     0    0    0    0    4    0    0    0    4    0    0    0    0    0    0    0    0    0    0    0    0    0    0    0    0    0    0    0    0   -8    0    3 
 60 ID     0    0    0    0    4    0    0    0    4    0    0    0    0    0    0    0    0    0    0    0    0    0    0    0    0    0    0    0    0   -8    0    3 
 60 EX     0    0    0    0    4    0    0    0    4    0    0    0    0    0    0    0    0    0    0    0    0    0    0    0    0    0    0    0    0   -8    0    3 
 60 MEM    0    0    0    0    4    0    0    0    4    0    0    0    0    0    0    0    0    0    0    0    0    0    0    0    0    0    0    0    0   -8    0    3 
 60 WB     0    0    0    0    4    0    0    0    4    0    0    0    0    0    0    0   12    0    0    0    0    0    0    0    0    0    0    0    0   -8    0    3 

addi $a0, $t0, -1:
 PC FASE $zero $at  $v0  $v1  $a0  $a1  $a2  $a3  $t0  $t1  $t2  $t3  $t4  $t5  $t6  $t7  $s0  $s1  $s2  $s3  $s4  $s5  $s6  $s7  $t8  $t9  $k0  $k1  $gp  $sp  $fp  $ra
 64 IF     0    0    0    0    4    0    0    0    4    0    0    0    0    0    0    0   12    0    0    0    0    0    0    0    0    0    0    0    0   -8    0    3 
 64 ID     0    0    0    0    4    0    0    0    4    0    0    0    0    0    0    0   12    0    0    0    0    0    0    0    0    0    0    0    0   -8    0    3 
 64 EX     0    0    0    0    4    0    0    0    4    0    0    0    0    0    0    0   12    0    0    0    0    0    0    0    0    0    0    0    0   -8    0    3 
 64 MEM    0    0    0    0    4    0    0    0    4    0    0    0    0    0    0    0   12    0    0    0    0    0    0    0    0    0    0    0    0   -8    0    3 
 64 WB     0    0    0    0    3    0    0    0    4    0    0    0    0    0    0    0   12    0    0    0    0    0    0    0    0    0    0    0    0   -8    0    3 

jal FUNCION_RECURSIVA:
 PC FASE $zero $at  $v0  $v1  $a0  $a1  $a2  $a3  $t0  $t1  $t2  $t3  $t4  $t5  $t6  $t7  $s0  $s1  $s2  $s3  $s4  $s5  $s6  $s7  $t8  $t9  $k0  $k1  $gp  $sp  $fp  $ra
 68 IF     0    0    0    0    3    0    0    0    4    0    0    0    0    0    0    0   12    0    0    0    0    0    0    0    0    0    0    0    0   -8    0    3 
 20 ID     0    0    0    0    3    0    0    0    4    0    0    0    0    0    0    0   12    0    0    0    0    0    0    0    0    0    0    0    0   -8    0    3 
 20 EX     0    0    0    0    3    0    0    0    4    0    0    0    0    0    0    0   12    0    0    0    0    0    0    0    0    0    0    0    0   -8    0    3 
 20 MEM    0    0    0    0    3    0    0    0    4    0    0    0    0    0    0    0   12    0    0    0    0    0    0    0    0    0    0    0    0   -8    0    3 
 20 WB     0    0    0    0    3    0    0    0    4    0    0    0    0    0    0    0   12    0    0    0    0    0    0    0    0    0    0    0    0   -8    0   18 

la $t0, ($a0):
 PC FASE $zero $at  $v0  $v1  $a0  $a1  $a2  $a3  $t0  $t1  $t2  $t3  $t4  $t5  $t6  $t7  $s0  $s1  $s2  $s3  $s4  $s5  $s6  $s7  $t8  $t9  $k0  $k1  $gp  $sp  $fp  $ra
 20 IF     0    0    0    0    3    0    0    0    4    0    0    0    0    0    0    0   12    0    0    0    0    0    0    0    0    0    0    0    0   -8    0   18 
 20 ID     0    0    0    0    3    0    0    0    4    0    0    0    0    0    0    0   12    0    0    0    0    0    0    0    0    0    0    0    0   -8    0   18 
 20 EX     0    0    0    0    3    0    0    0    4    0    0    0    0    0    0    0   12    0    0    0    0    0    0    0    0    0    0    0    0   -8    0   18 
 20 MEM    0    0    0    0    3    0    0    0    4    0    0    0    0    0    0    0   12    0    0    0    0    0    0    0    0    0    0    0    0   -8    0   18 
 20 WB     0    0    0    0    3    0    0    0    3    0    0    0    0    0    0    0   12    0    0    0    0    0    0    0    0    0    0    0    0   -8    0   18 

addi $sp, $sp, -8:
 PC FASE $zero $at  $v0  $v1  $a0  $a1  $a2  $a3  $t0  $t1  $t2  $t3  $t4  $t5  $t6  $t7  $s0  $s1  $s2  $s3  $s4  $s5  $s6  $s7  $t8  $t9  $k0  $k1  $gp  $sp  $fp  $ra
 24 IF     0    0    0    0    3    0    0    0    3    0    0    0    0    0    0    0   12    0    0    0    0    0    0    0    0    0    0    0    0   -8    0   18 
 24 ID     0    0    0    0    3    0    0    0    3    0    0    0    0    0    0    0   12    0    0    0    0    0    0    0    0    0    0    0    0   -8    0   18 
 24 EX     0    0    0    0    3    0    0    0    3    0    0    0    0    0    0    0   12    0    0    0    0    0    0    0    0    0    0    0    0   -8    0   18 
 24 MEM    0    0    0    0    3    0    0    0    3    0    0    0    0    0    0    0   12    0    0    0    0    0    0    0    0    0    0    0    0   -8    0   18 
 24 WB     0    0    0    0    3    0    0    0    3    0    0    0    0    0    0    0   12    0    0    0    0    0    0    0    0    0    0    0    0  -16    0   18 

sw $ra, 0($sp):
 PC FASE $zero $at  $v0  $v1  $a0  $a1  $a2  $a3  $t0  $t1  $t2  $t3  $t4  $t5  $t6  $t7  $s0  $s1  $s2  $s3  $s4  $s5  $s6  $s7  $t8  $t9  $k0  $k1  $gp  $sp  $fp  $ra
 28 IF     0    0    0    0    3    0    0    0    3    0    0    0    0    0    0    0   12    0    0    0    0    0    0    0    0    0    0    0    0  -16    0   18 
 28 ID     0    0    0    0    3    0    0    0    3    0    0    0    0    0    0    0   12    0    0    0    0    0    0    0    0    0    0    0    0  -16    0   18 
 28 EX     0    0    0    0    3    0    0    0    3    0    0    0    0    0    0    0   12    0    0    0    0    0    0    0    0    0    0    0    0  -16    0   18 
 28 MEM    0    0    0    0    3    0    0    0    3    0    0    0    0    0    0    0   12    0    0    0    0    0    0    0    0    0    0    0    0  -16    0   18 
 28 WB     0    0    0    0    3    0    0    0    3    0    0    0    0    0    0    0   12    0    0    0    0    0    0    0    0    0    0    0    0  -16    0   18 

sw $s5, 4($sp):
 PC FASE $zero $at  $v0  $v1  $a0  $a1  $a2  $a3  $t0  $t1  $t2  $t3  $t4  $t5  $t6  $t7  $s0  $s1  $s2  $s3  $s4  $s5  $s6  $s7  $t8  $t9  $k0  $k1  $gp  $sp  $fp  $ra
 32 IF     0    0    0    0    3    0    0    0    3    0    0    0    0    0    0    0   12    0    0    0    0    0    0    0    0    0    0    0    0  -16    0   18 
 32 ID     0    0    0    0    3    0    0    0    3    0    0    0    0    0    0    0   12    0    0    0    0    0    0    0    0    0    0    0    0  -16    0   18 
 32 EX     0    0    0    0    3    0    0    0    3    0    0    0    0    0    0    0   12    0    0    0    0    0    0    0    0    0    0    0    0  -16    0   18 
 32 MEM    0    0    0    0    3    0    0    0    3    0    0    0    0    0    0    0   12    0    0    0    0    0    0    0    0    0    0    0    0  -16    0   18 
 32 WB     0    0    0    0    3    0    0    0    3    0    0    0    0    0    0    0   12    0    0    0    0    0    0    0    0    0    0    0    0  -16    0   18 

beq $t0, $zero, END_FUNCION:
 PC FASE $zero $at  $v0  $v1  $a0  $a1  $a2  $a3  $t0  $t1  $t2  $t3  $t4  $t5  $t6  $t7  $s0  $s1  $s2  $s3  $s4  $s5  $s6  $s7  $t8  $t9  $k0  $k1  $gp  $sp  $fp  $ra
 36 IF     0    0    0    0    3    0    0    0    3    0    0    0    0    0    0    0   12    0    0    0    0    0    0    0    0    0    0    0    0  -16    0   18 
 36 ID     0    0    0    0    3    0    0    0    3    0    0    0    0    0    0    0   12    0    0    0    0    0    0    0    0    0    0    0    0  -16    0   18 
 36 EX     0    0    0    0    3    0    0    0    3    0    0    0    0    0    0    0   12    0    0    0    0    0    0    0    0    0    0    0    0  -16    0   18 
 36 MEM    0    0    0    0    3    0    0    0    3    0    0    0    0    0    0    0   12    0    0    0    0    0    0    0    0    0    0    0    0  -16    0   18 
 36 WB     0    0    0    0    3    0    0    0    3    0    0    0    0    0    0    0   12    0    0    0    0    0    0    0    0    0    0    0    0  -16    0   18 

lw $t1, 0($s0):
 PC FASE $zero $at  $v0  $v1  $a0  $a1  $a2  $a3  $t0  $t1  $t2  $t3  $t4  $t5  $t6  $t7  $s0  $s1  $s2  $s3  $s4  $s5  $s6  $s7  $t8  $t9  $k0  $k1  $gp  $sp  $fp  $ra
 40 IF     0    0    0    0    3    0    0    0    3    0    0    0    0    0    0    0   12    0    0    0    0    0    0    0    0    0    0    0    0  -16    0   18 
 40 ID     0    0    0    0    3    0    0    0    3    0    0    0    0    0    0    0   12    0    0    0    0    0    0    0    0    0    0    0    0  -16    0   18 
 40 EX     0    0    0    0    3    0    0    0    3    0    0    0    0    0    0    0   12    0    0    0    0    0    0    0    0    0    0    0    0  -16    0   18 
 40 MEM    0    0    0    0    3    0    0    0    3    0    0    0    0    0    0    0   12    0    0    0    0    0    0    0    0    0    0    0    0  -16    0   18 
 40 WB     0    0    0    0    3    0    0    0    3    0    0    0    0    0    0    0   12    0    0    0    0    0    0    0    0    0    0    0    0  -16    0   18 

lw $t2, 4($s0):
 PC FASE $zero $at  $v0  $v1  $a0  $a1  $a2  $a3  $t0  $t1  $t2  $t3  $t4  $t5  $t6  $t7  $s0  $s1  $s2  $s3  $s4  $s5  $s6  $s7  $t8  $t9  $k0  $k1  $gp  $sp  $fp  $ra
 44 IF     0    0    0    0    3    0    0    0    3    0    0    0    0    0    0    0   12    0    0    0    0    0    0    0    0    0    0    0    0  -16    0   18 
 44 ID     0    0    0    0    3    0    0    0    3    0    0    0    0    0    0    0   12    0    0    0    0    0    0    0    0    0    0    0    0  -16    0   18 
 44 EX     0    0    0    0    3    0    0    0    3    0    0    0    0    0    0    0   12    0    0    0    0    0    0    0    0    0    0    0    0  -16    0   18 
 44 MEM    0    0    0    0    3    0    0    0    3    0    0    0    0    0    0    0   12    0    0    0    0    0    0    0    0    0    0    0    0  -16    0   18 
 44 WB     0    0    0    0    3    0    0    0    3    0    0    0    0    0    0    0   12    0    0    0    0    0    0    0    0    0    0    0    0  -16    0   18 

add $t4, $t1, $t2:
 PC FASE $zero $at  $v0  $v1  $a0  $a1  $a2  $a3  $t0  $t1  $t2  $t3  $t4  $t5  $t6  $t7  $s0  $s1  $s2  $s3  $s4  $s5  $s6  $s7  $t8  $t9  $k0  $k1  $gp  $sp  $fp  $ra
 48 IF     0    0    0    0    3    0    0    0    3    0    0    0    0    0    0    0   12    0    0    0    0    0    0    0    0    0    0    0    0  -16    0   18 
 48 ID     0    0    0    0    3    0    0    0    3    0    0    0    0    0    0    0   12    0    0    0    0    0    0    0    0    0    0    0    0  -16    0   18 
 48 EX     0    0    0    0    3    0    0    0    3    0    0    0    0    0    0    0   12    0    0    0    0    0    0    0    0    0    0    0    0  -16    0   18 
 48 MEM    0    0    0    0    3    0    0    0    3    0    0    0    0    0    0    0   12    0    0    0    0    0    0    0    0    0    0    0    0  -16    0   18 
 48 WB     0    0    0    0    3    0    0    0    3    0    0    0    0    0    0    0   12    0    0    0    0    0    0    0    0    0    0    0    0  -16    0   18 

lw $t3, 8($s0):
 PC FASE $zero $at  $v0  $v1  $a0  $a1  $a2  $a3  $t0  $t1  $t2  $t3  $t4  $t5  $t6  $t7  $s0  $s1  $s2  $s3  $s4  $s5  $s6  $s7  $t8  $t9  $k0  $k1  $gp  $sp  $fp  $ra
 52 IF     0    0    0    0    3    0    0    0    3    0    0    0    0    0    0    0   12    0    0    0    0    0    0    0    0    0    0    0    0  -16    0   18 
 52 ID     0    0    0    0    3    0    0    0    3    0    0    0    0    0    0    0   12    0    0    0    0    0    0    0    0    0    0    0    0  -16    0   18 
 52 EX     0    0    0    0    3    0    0    0    3    0    0    0    0    0    0    0   12    0    0    0    0    0    0    0    0    0    0    0    0  -16    0   18 
 52 MEM    0    0    0    0    3    0    0    0    3    0    0    0    0    0    0    0   12    0    0    0    0    0    0    0    0    0    0    0    0  -16    0   18 
 52 WB     0    0    0    0    3    0    0    0    3    0    0    0    0    0    0    0   12    0    0    0    0    0    0    0    0    0    0    0    0  -16    0   18 

add $s5, $t4, $t3:
 PC FASE $zero $at  $v0  $v1  $a0  $a1  $a2  $a3  $t0  $t1  $t2  $t3  $t4  $t5  $t6  $t7  $s0  $s1  $s2  $s3  $s4  $s5  $s6  $s7  $t8  $t9  $k0  $k1  $gp  $sp  $fp  $ra
 56 IF     0    0    0    0    3    0    0    0    3    0    0    0    0    0    0    0   12    0    0    0    0    0    0    0    0    0    0    0    0  -16    0   18 
 56 ID     0    0    0    0    3    0    0    0    3    0    0    0    0    0    0    0   12    0    0    0    0    0    0    0    0    0    0    0    0  -16    0   18 
 56 EX     0    0    0    0    3    0    0    0    3    0    0    0    0    0    0    0   12    0    0    0    0    0    0    0    0    0    0    0    0  -16    0   18 
 56 MEM    0    0    0    0    3    0    0    0    3    0    0    0    0    0    0    0   12    0    0    0    0    0    0    0    0    0    0    0    0  -16    0   18 
 56 WB     0    0    0    0    3    0    0    0    3    0    0    0    0    0    0    0   12    0    0    0    0    0    0    0    0    0    0    0    0  -16    0   18 

addi $s0, $s0, 12:
 PC FASE $zero $at  $v0  $v1  $a0  $a1  $a2  $a3  $t0  $t1  $t2  $t3  $t4  $t5  $t6  $t7  $s0  $s1  $s2  $s3  $s4  $s5  $s6  $s7  $t8  $t9  $k0  $k1  $gp  $sp  $fp  $ra
 60 IF     0    0    0    0    3    0    0    0    3    0    0    0    0    0    0    0   12    0    0    0    0    0    0    0    0    0    0    0    0  -16    0   18 
 60 ID     0    0    0    0    3    0    0    0    3    0    0    0    0    0    0    0   12    0    0    0    0    0    0    0    0    0    0    0    0  -16    0   18 
 60 EX     0    0    0    0    3    0    0    0    3    0    0    0    0    0    0    0   12    0    0    0    0    0    0    0    0    0    0    0    0  -16    0   18 
 60 MEM    0    0    0    0    3    0    0    0    3    0    0    0    0    0    0    0   12    0    0    0    0    0    0    0    0    0    0    0    0  -16    0   18 
 60 WB     0    0    0    0    3    0    0    0    3    0    0    0    0    0    0    0   24    0    0    0    0    0    0    0    0    0    0    0    0  -16    0   18 

addi $a0, $t0, -1:
 PC FASE $zero $at  $v0  $v1  $a0  $a1  $a2  $a3  $t0  $t1  $t2  $t3  $t4  $t5  $t6  $t7  $s0  $s1  $s2  $s3  $s4  $s5  $s6  $s7  $t8  $t9  $k0  $k1  $gp  $sp  $fp  $ra
 64 IF     0    0    0    0    3    0    0    0    3    0    0    0    0    0    0    0   24    0    0    0    0    0    0    0    0    0    0    0    0  -16    0   18 
 64 ID     0    0    0    0    3    0    0    0    3    0    0    0    0    0    0    0   24    0    0    0    0    0    0    0    0    0    0    0    0  -16    0   18 
 64 EX     0    0    0    0    3    0    0    0    3    0    0    0    0    0    0    0   24    0    0    0    0    0    0    0    0    0    0    0    0  -16    0   18 
 64 MEM    0    0    0    0    3    0    0    0    3    0    0    0    0    0    0    0   24    0    0    0    0    0    0    0    0    0    0    0    0  -16    0   18 
 64 WB     0    0    0    0    2    0    0    0    3    0    0    0    0    0    0    0   24    0    0    0    0    0    0    0    0    0    0    0    0  -16    0   18 

jal FUNCION_RECURSIVA:
 PC FASE $zero $at  $v0  $v1  $a0  $a1  $a2  $a3  $t0  $t1  $t2  $t3  $t4  $t5  $t6  $t7  $s0  $s1  $s2  $s3  $s4  $s5  $s6  $s7  $t8  $t9  $k0  $k1  $gp  $sp  $fp  $ra
 68 IF     0    0    0    0    2    0    0    0    3    0    0    0    0    0    0    0   24    0    0    0    0    0    0    0    0    0    0    0    0  -16    0   18 
 20 ID     0    0    0    0    2    0    0    0    3    0    0    0    0    0    0    0   24    0    0    0    0    0    0    0    0    0    0    0    0  -16    0   18 
 20 EX     0    0    0    0    2    0    0    0    3    0    0    0    0    0    0    0   24    0    0    0    0    0    0    0    0    0    0    0    0  -16    0   18 
 20 MEM    0    0    0    0    2    0    0    0    3    0    0    0    0    0    0    0   24    0    0    0    0    0    0    0    0    0    0    0    0  -16    0   18 
 20 WB     0    0    0    0    2    0    0    0    3    0    0    0    0    0    0    0   24    0    0    0    0    0    0    0    0    0    0    0    0  -16    0   18 

la $t0, ($a0):
 PC FASE $zero $at  $v0  $v1  $a0  $a1  $a2  $a3  $t0  $t1  $t2  $t3  $t4  $t5  $t6  $t7  $s0  $s1  $s2  $s3  $s4  $s5  $s6  $s7  $t8  $t9  $k0  $k1  $gp  $sp  $fp  $ra
 20 IF     0    0    0    0    2    0    0    0    3    0    0    0    0    0    0    0   24    0    0    0    0    0    0    0    0    0    0    0    0  -16    0   18 
 20 ID     0    0    0    0    2    0    0    0    3    0    0    0    0    0    0    0   24    0    0    0    0    0    0    0    0    0    0    0    0  -16    0   18 
 20 EX     0    0    0    0    2    0    0    0    3    0    0    0    0    0    0    0   24    0    0    0    0    0    0    0    0    0    0    0    0  -16    0   18 
 20 MEM    0    0    0    0    2    0    0    0    3    0    0    0    0    0    0    0   24    0    0    0    0    0    0    0    0    0    0    0    0  -16    0   18 
 20 WB     0    0    0    0    2    0    0    0    2    0    0    0    0    0    0    0   24    0    0    0    0    0    0    0    0    0    0    0    0  -16    0   18 

addi $sp, $sp, -8:
 PC FASE $zero $at  $v0  $v1  $a0  $a1  $a2  $a3  $t0  $t1  $t2  $t3  $t4  $t5  $t6  $t7  $s0  $s1  $s2  $s3  $s4  $s5  $s6  $s7  $t8  $t9  $k0  $k1  $gp  $sp  $fp  $ra
 24 IF     0    0    0    0    2    0    0    0    2    0    0    0    0    0    0    0   24    0    0    0    0    0    0    0    0    0    0    0    0  -16    0   18 
 24 ID     0    0    0    0    2    0    0    0    2    0    0    0    0    0    0    0   24    0    0    0    0    0    0    0    0    0    0    0    0  -16    0   18 
 24 EX     0    0    0    0    2    0    0    0    2    0    0    0    0    0    0    0   24    0    0    0    0    0    0    0    0    0    0    0    0  -16    0   18 
 24 MEM    0    0    0    0    2    0    0    0    2    0    0    0    0    0    0    0   24    0    0    0    0    0    0    0    0    0    0    0    0  -16    0   18 
 24 WB     0    0    0    0    2    0    0    0    2    0    0    0    0    0    0    0   24    0    0    0    0    0    0    0    0    0    0    0    0  -24    0   18 

sw $ra, 0($sp):
 PC FASE $zero $at  $v0  $v1  $a0  $a1  $a2  $a3  $t0  $t1  $t2  $t3  $t4  $t5  $t6  $t7  $s0  $s1  $s2  $s3  $s4  $s5  $s6  $s7  $t8  $t9  $k0  $k1  $gp  $sp  $fp  $ra
 28 IF     0    0    0    0    2    0    0    0    2    0    0    0    0    0    0    0   24    0    0    0    0    0    0    0    0    0    0    0    0  -24    0   18 
 28 ID     0    0    0    0    2    0    0    0    2    0    0    0    0    0    0    0   24    0    0    0    0    0    0    0    0    0    0    0    0  -24    0   18 
 28 EX     0    0    0    0    2    0    0    0    2    0    0    0    0    0    0    0   24    0    0    0    0    0    0    0    0    0    0    0    0  -24    0   18 
 28 MEM    0    0    0    0    2    0    0    0    2    0    0    0    0    0    0    0   24    0    0    0    0    0    0    0    0    0    0    0    0  -24    0   18 
 28 WB     0    0    0    0    2    0    0    0    2    0    0    0    0    0    0    0   24    0    0    0    0    0    0    0    0    0    0    0    0  -24    0   18 

sw $s5, 4($sp):
 PC FASE $zero $at  $v0  $v1  $a0  $a1  $a2  $a3  $t0  $t1  $t2  $t3  $t4  $t5  $t6  $t7  $s0  $s1  $s2  $s3  $s4  $s5  $s6  $s7  $t8  $t9  $k0  $k1  $gp  $sp  $fp  $ra
 32 IF     0    0    0    0    2    0    0    0    2    0    0    0    0    0    0    0   24    0    0    0    0    0    0    0    0    0    0    0    0  -24    0   18 
 32 ID     0    0    0    0    2    0    0    0    2    0    0    0    0    0    0    0   24    0    0    0    0    0    0    0    0    0    0    0    0  -24    0   18 
 32 EX     0    0    0    0    2    0    0    0    2    0    0    0    0    0    0    0   24    0    0    0    0    0    0    0    0    0    0    0    0  -24    0   18 
 32 MEM    0    0    0    0    2    0    0    0    2    0    0    0    0    0    0    0   24    0    0    0    0    0    0    0    0    0    0    0    0  -24    0   18 
 32 WB     0    0    0    0    2    0    0    0    2    0    0    0    0    0    0    0   24    0    0    0    0    0    0    0    0    0    0    0    0  -24    0   18 

beq $t0, $zero, END_FUNCION:
 PC FASE $zero $at  $v0  $v1  $a0  $a1  $a2  $a3  $t0  $t1  $t2  $t3  $t4  $t5  $t6  $t7  $s0  $s1  $s2  $s3  $s4  $s5  $s6  $s7  $t8  $t9  $k0  $k1  $gp  $sp  $fp  $ra
 36 IF     0    0    0    0    2    0    0    0    2    0    0    0    0    0    0    0   24    0    0    0    0    0    0    0    0    0    0    0    0  -24    0   18 
 36 ID     0    0    0    0    2    0    0    0    2    0    0    0    0    0    0    0   24    0    0    0    0    0    0    0    0    0    0    0    0  -24    0   18 
 36 EX     0    0    0    0    2    0    0    0    2    0    0    0    0    0    0    0   24    0    0    0    0    0    0    0    0    0    0    0    0  -24    0   18 
 36 MEM    0    0    0    0    2    0    0    0    2    0    0    0    0    0    0    0   24    0    0    0    0    0    0    0    0    0    0    0    0  -24    0   18 
 36 WB     0    0    0    0    2    0    0    0    2    0    0    0    0    0    0    0   24    0    0    0    0    0    0    0    0    0    0    0    0  -24    0   18 

lw $t1, 0($s0):
 PC FASE $zero $at  $v0  $v1  $a0  $a1  $a2  $a3  $t0  $t1  $t2  $t3  $t4  $t5  $t6  $t7  $s0  $s1  $s2  $s3  $s4  $s5  $s6  $s7  $t8  $t9  $k0  $k1  $gp  $sp  $fp  $ra
 40 IF     0    0    0    0    2    0    0    0    2    0    0    0    0    0    0    0   24    0    0    0    0    0    0    0    0    0    0    0    0  -24    0   18 
 40 ID     0    0    0    0    2    0    0    0    2    0    0    0    0    0    0    0   24    0    0    0    0    0    0    0    0    0    0    0    0  -24    0   18 
 40 EX     0    0    0    0    2    0    0    0    2    0    0    0    0    0    0    0   24    0    0    0    0    0    0    0    0    0    0    0    0  -24    0   18 
 40 MEM    0    0    0    0    2    0    0    0    2    0    0    0    0    0    0    0   24    0    0    0    0    0    0    0    0    0    0    0    0  -24    0   18 
 40 WB     0    0    0    0    2    0    0    0    2    0    0    0    0    0    0    0   24    0    0    0    0    0    0    0    0    0    0    0    0  -24    0   18 

lw $t2, 4($s0):
 PC FASE $zero $at  $v0  $v1  $a0  $a1  $a2  $a3  $t0  $t1  $t2  $t3  $t4  $t5  $t6  $t7  $s0  $s1  $s2  $s3  $s4  $s5  $s6  $s7  $t8  $t9  $k0  $k1  $gp  $sp  $fp  $ra
 44 IF     0    0    0    0    2    0    0    0    2    0    0    0    0    0    0    0   24    0    0    0    0    0    0    0    0    0    0    0    0  -24    0   18 
 44 ID     0    0    0    0    2    0    0    0    2    0    0    0    0    0    0    0   24    0    0    0    0    0    0    0    0    0    0    0    0  -24    0   18 
 44 EX     0    0    0    0    2    0    0    0    2    0    0    0    0    0    0    0   24    0    0    0    0    0    0    0    0    0    0    0    0  -24    0   18 
 44 MEM    0    0    0    0    2    0    0    0    2    0    0    0    0    0    0    0   24    0    0    0    0    0    0    0    0    0    0    0    0  -24    0   18 
 44 WB     0    0    0    0    2    0    0    0    2    0    0    0    0    0    0    0   24    0    0    0    0    0    0    0    0    0    0    0    0  -24    0   18 

add $t4, $t1, $t2:
 PC FASE $zero $at  $v0  $v1  $a0  $a1  $a2  $a3  $t0  $t1  $t2  $t3  $t4  $t5  $t6  $t7  $s0  $s1  $s2  $s3  $s4  $s5  $s6  $s7  $t8  $t9  $k0  $k1  $gp  $sp  $fp  $ra
 48 IF     0    0    0    0    2    0    0    0    2    0    0    0    0    0    0    0   24    0    0    0    0    0    0    0    0    0    0    0    0  -24    0   18 
 48 ID     0    0    0    0    2    0    0    0    2    0    0    0    0    0    0    0   24    0    0    0    0    0    0    0    0    0    0    0    0  -24    0   18 
 48 EX     0    0    0    0    2    0    0    0    2    0    0    0    0    0    0    0   24    0    0    0    0    0    0    0    0    0    0    0    0  -24    0   18 
 48 MEM    0    0    0    0    2    0    0    0    2    0    0    0    0    0    0    0   24    0    0    0    0    0    0    0    0    0    0    0    0  -24    0   18 
 48 WB     0    0    0    0    2    0    0    0    2    0    0    0    0    0    0    0   24    0    0    0    0    0    0    0    0    0    0    0    0  -24    0   18 

lw $t3, 8($s0):
 PC FASE $zero $at  $v0  $v1  $a0  $a1  $a2  $a3  $t0  $t1  $t2  $t3  $t4  $t5  $t6  $t7  $s0  $s1  $s2  $s3  $s4  $s5  $s6  $s7  $t8  $t9  $k0  $k1  $gp  $sp  $fp  $ra
 52 IF     0    0    0    0    2    0    0    0    2    0    0    0    0    0    0    0   24    0    0    0    0    0    0    0    0    0    0    0    0  -24    0   18 
 52 ID     0    0    0    0    2    0    0    0    2    0    0    0    0    0    0    0   24    0    0    0    0    0    0    0    0    0    0    0    0  -24    0   18 
 52 EX     0    0    0    0    2    0    0    0    2    0    0    0    0    0    0    0   24    0    0    0    0    0    0    0    0    0    0    0    0  -24    0   18 
 52 MEM    0    0    0    0    2    0    0    0    2    0    0    0    0    0    0    0   24    0    0    0    0    0    0    0    0    0    0    0    0  -24    0   18 
 52 WB     0    0    0    0    2    0    0    0    2    0    0    0    0    0    0    0   24    0    0    0    0    0    0    0    0    0    0    0    0  -24    0   18 

add $s5, $t4, $t3:
 PC FASE $zero $at  $v0  $v1  $a0  $a1  $a2  $a3  $t0  $t1  $t2  $t3  $t4  $t5  $t6  $t7  $s0  $s1  $s2  $s3  $s4  $s5  $s6  $s7  $t8  $t9  $k0  $k1  $gp  $sp  $fp  $ra
 56 IF     0    0    0    0    2    0    0    0    2    0    0    0    0    0    0    0   24    0    0    0    0    0    0    0    0    0    0    0    0  -24    0   18 
 56 ID     0    0    0    0    2    0    0    0    2    0    0    0    0    0    0    0   24    0    0    0    0    0    0    0    0    0    0    0    0  -24    0   18 
 56 EX     0    0    0    0    2    0    0    0    2    0    0    0    0    0    0    0   24    0    0    0    0    0    0    0    0    0    0    0    0  -24    0   18 
 56 MEM    0    0    0    0    2    0    0    0    2    0    0    0    0    0    0    0   24    0    0    0    0    0    0    0    0    0    0    0    0  -24    0   18 
 56 WB     0    0    0    0    2    0    0    0    2    0    0    0    0    0    0    0   24    0    0    0    0    0    0    0    0    0    0    0    0  -24    0   18 

addi $s0, $s0, 12:
 PC FASE $zero $at  $v0  $v1  $a0  $a1  $a2  $a3  $t0  $t1  $t2  $t3  $t4  $t5  $t6  $t7  $s0  $s1  $s2  $s3  $s4  $s5  $s6  $s7  $t8  $t9  $k0  $k1  $gp  $sp  $fp  $ra
 60 IF     0    0    0    0    2    0    0    0    2    0    0    0    0    0    0    0   24    0    0    0    0    0    0    0    0    0    0    0    0  -24    0   18 
 60 ID     0    0    0    0    2    0    0    0    2    0    0    0    0    0    0    0   24    0    0    0    0    0    0    0    0    0    0    0    0  -24    0   18 
 60 EX     0    0    0    0    2    0    0    0    2    0    0    0    0    0    0    0   24    0    0    0    0    0    0    0    0    0    0    0    0  -24    0   18 
 60 MEM    0    0    0    0    2    0    0    0    2    0    0    0    0    0    0    0   24    0    0    0    0    0    0    0    0    0    0    0    0  -24    0   18 
 60 WB     0    0    0    0    2    0    0    0    2    0    0    0    0    0    0    0   36    0    0    0    0    0    0    0    0    0    0    0    0  -24    0   18 

addi $a0, $t0, -1:
 PC FASE $zero $at  $v0  $v1  $a0  $a1  $a2  $a3  $t0  $t1  $t2  $t3  $t4  $t5  $t6  $t7  $s0  $s1  $s2  $s3  $s4  $s5  $s6  $s7  $t8  $t9  $k0  $k1  $gp  $sp  $fp  $ra
 64 IF     0    0    0    0    2    0    0    0    2    0    0    0    0    0    0    0   36    0    0    0    0    0    0    0    0    0    0    0    0  -24    0   18 
 64 ID     0    0    0    0    2    0    0    0    2    0    0    0    0    0    0    0   36    0    0    0    0    0    0    0    0    0    0    0    0  -24    0   18 
 64 EX     0    0    0    0    2    0    0    0    2    0    0    0    0    0    0    0   36    0    0    0    0    0    0    0    0    0    0    0    0  -24    0   18 
 64 MEM    0    0    0    0    2    0    0    0    2    0    0    0    0    0    0    0   36    0    0    0    0    0    0    0    0    0    0    0    0  -24    0   18 
 64 WB     0    0    0    0    1    0    0    0    2    0    0    0    0    0    0    0   36    0    0    0    0    0    0    0    0    0    0    0    0  -24    0   18 

jal FUNCION_RECURSIVA:
 PC FASE $zero $at  $v0  $v1  $a0  $a1  $a2  $a3  $t0  $t1  $t2  $t3  $t4  $t5  $t6  $t7  $s0  $s1  $s2  $s3  $s4  $s5  $s6  $s7  $t8  $t9  $k0  $k1  $gp  $sp  $fp  $ra
 68 IF     0    0    0    0    1    0    0    0    2    0    0    0    0    0    0    0   36    0    0    0    0    0    0    0    0    0    0    0    0  -24    0   18 
 20 ID     0    0    0    0    1    0    0    0    2    0    0    0    0    0    0    0   36    0    0    0    0    0    0    0    0    0    0    0    0  -24    0   18 
 20 EX     0    0    0    0    1    0    0    0    2    0    0    0    0    0    0    0   36    0    0    0    0    0    0    0    0    0    0    0    0  -24    0   18 
 20 MEM    0    0    0    0    1    0    0    0    2    0    0    0    0    0    0    0   36    0    0    0    0    0    0    0    0    0    0    0    0  -24    0   18 
 20 WB     0    0    0    0    1    0    0    0    2    0    0    0    0    0    0    0   36    0    0    0    0    0    0    0    0    0    0    0    0  -24    0   18 

la $t0, ($a0):
 PC FASE $zero $at  $v0  $v1  $a0  $a1  $a2  $a3  $t0  $t1  $t2  $t3  $t4  $t5  $t6  $t7  $s0  $s1  $s2  $s3  $s4  $s5  $s6  $s7  $t8  $t9  $k0  $k1  $gp  $sp  $fp  $ra
 20 IF     0    0    0    0    1    0    0    0    2    0    0    0    0    0    0    0   36    0    0    0    0    0    0    0    0    0    0    0    0  -24    0   18 
 20 ID     0    0    0    0    1    0    0    0    2    0    0    0    0    0    0    0   36    0    0    0    0    0    0    0    0    0    0    0    0  -24    0   18 
 20 EX     0    0    0    0    1    0    0    0    2    0    0    0    0    0    0    0   36    0    0    0    0    0    0    0    0    0    0    0    0  -24    0   18 
 20 MEM    0    0    0    0    1    0    0    0    2    0    0    0    0    0    0    0   36    0    0    0    0    0    0    0    0    0    0    0    0  -24    0   18 
 20 WB     0    0    0    0    1    0    0    0    1    0    0    0    0    0    0    0   36    0    0    0    0    0    0    0    0    0    0    0    0  -24    0   18 

addi $sp, $sp, -8:
 PC FASE $zero $at  $v0  $v1  $a0  $a1  $a2  $a3  $t0  $t1  $t2  $t3  $t4  $t5  $t6  $t7  $s0  $s1  $s2  $s3  $s4  $s5  $s6  $s7  $t8  $t9  $k0  $k1  $gp  $sp  $fp  $ra
 24 IF     0    0    0    0    1    0    0    0    1    0    0    0    0    0    0    0   36    0    0    0    0    0    0    0    0    0    0    0    0  -24    0   18 
 24 ID     0    0    0    0    1    0    0    0    1    0    0    0    0    0    0    0   36    0    0    0    0    0    0    0    0    0    0    0    0  -24    0   18 
 24 EX     0    0    0    0    1    0    0    0    1    0    0    0    0    0    0    0   36    0    0    0    0    0    0    0    0    0    0    0    0  -24    0   18 
 24 MEM    0    0    0    0    1    0    0    0    1    0    0    0    0    0    0    0   36    0    0    0    0    0    0    0    0    0    0    0    0  -24    0   18 
 24 WB     0    0    0    0    1    0    0    0    1    0    0    0    0    0    0    0   36    0    0    0    0    0    0    0    0    0    0    0    0  -32    0   18 

sw $ra, 0($sp):
 PC FASE $zero $at  $v0  $v1  $a0  $a1  $a2  $a3  $t0  $t1  $t2  $t3  $t4  $t5  $t6  $t7  $s0  $s1  $s2  $s3  $s4  $s5  $s6  $s7  $t8  $t9  $k0  $k1  $gp  $sp  $fp  $ra
 28 IF     0    0    0    0    1    0    0    0    1    0    0    0    0    0    0    0   36    0    0    0    0    0    0    0    0    0    0    0    0  -32    0   18 
 28 ID     0    0    0    0    1    0    0    0    1    0    0    0    0    0    0    0   36    0    0    0    0    0    0    0    0    0    0    0    0  -32    0   18 
 28 EX     0    0    0    0    1    0    0    0    1    0    0    0    0    0    0    0   36    0    0    0    0    0    0    0    0    0    0    0    0  -32    0   18 
 28 MEM    0    0    0    0    1    0    0    0    1    0    0    0    0    0    0    0   36    0    0    0    0    0    0    0    0    0    0    0    0  -32    0   18 
 28 WB     0    0    0    0    1    0    0    0    1    0    0    0    0    0    0    0   36    0    0    0    0    0    0    0    0    0    0    0    0  -32    0   18 

sw $s5, 4($sp):
 PC FASE $zero $at  $v0  $v1  $a0  $a1  $a2  $a3  $t0  $t1  $t2  $t3  $t4  $t5  $t6  $t7  $s0  $s1  $s2  $s3  $s4  $s5  $s6  $s7  $t8  $t9  $k0  $k1  $gp  $sp  $fp  $ra
 32 IF     0    0    0    0    1    0    0    0    1    0    0    0    0    0    0    0   36    0    0    0    0    0    0    0    0    0    0    0    0  -32    0   18 
 32 ID     0    0    0    0    1    0    0    0    1    0    0    0    0    0    0    0   36    0    0    0    0    0    0    0    0    0    0    0    0  -32    0   18 
 32 EX     0    0    0    0    1    0    0    0    1    0    0    0    0    0    0    0   36    0    0    0    0    0    0    0    0    0    0    0    0  -32    0   18 
 32 MEM    0    0    0    0    1    0    0    0    1    0    0    0    0    0    0    0   36    0    0    0    0    0    0    0    0    0    0    0    0  -32    0   18 
 32 WB     0    0    0    0    1    0    0    0    1    0    0    0    0    0    0    0   36    0    0    0    0    0    0    0    0    0    0    0    0  -32    0   18 

beq $t0, $zero, END_FUNCION:
 PC FASE $zero $at  $v0  $v1  $a0  $a1  $a2  $a3  $t0  $t1  $t2  $t3  $t4  $t5  $t6  $t7  $s0  $s1  $s2  $s3  $s4  $s5  $s6  $s7  $t8  $t9  $k0  $k1  $gp  $sp  $fp  $ra
 36 IF     0    0    0    0    1    0    0    0    1    0    0    0    0    0    0    0   36    0    0    0    0    0    0    0    0    0    0    0    0  -32    0   18 
 36 ID     0    0    0    0    1    0    0    0    1    0    0    0    0    0    0    0   36    0    0    0    0    0    0    0    0    0    0    0    0  -32    0   18 
 36 EX     0    0    0    0    1    0    0    0    1    0    0    0    0    0    0    0   36    0    0    0    0    0    0    0    0    0    0    0    0  -32    0   18 
 36 MEM    0    0    0    0    1    0    0    0    1    0    0    0    0    0    0    0   36    0    0    0    0    0    0    0    0    0    0    0    0  -32    0   18 
 36 WB     0    0    0    0    1    0    0    0    1    0    0    0    0    0    0    0   36    0    0    0    0    0    0    0    0    0    0    0    0  -32    0   18 

lw $t1, 0($s0):
 PC FASE $zero $at  $v0  $v1  $a0  $a1  $a2  $a3  $t0  $t1  $t2  $t3  $t4  $t5  $t6  $t7  $s0  $s1  $s2  $s3  $s4  $s5  $s6  $s7  $t8  $t9  $k0  $k1  $gp  $sp  $fp  $ra
 40 IF     0    0    0    0    1    0    0    0    1    0    0    0    0    0    0    0   36    0    0    0    0    0    0    0    0    0    0    0    0  -32    0   18 
 40 ID     0    0    0    0    1    0    0    0    1    0    0    0    0    0    0    0   36    0    0    0    0    0    0    0    0    0    0    0    0  -32    0   18 
 40 EX     0    0    0    0    1    0    0    0    1    0    0    0    0    0    0    0   36    0    0    0    0    0    0    0    0    0    0    0    0  -32    0   18 
 40 MEM    0    0    0    0    1    0    0    0    1    0    0    0    0    0    0    0   36    0    0    0    0    0    0    0    0    0    0    0    0  -32    0   18 
 40 WB     0    0    0    0    1    0    0    0    1    0    0    0    0    0    0    0   36    0    0    0    0    0    0    0    0    0    0    0    0  -32    0   18 

lw $t2, 4($s0):
 PC FASE $zero $at  $v0  $v1  $a0  $a1  $a2  $a3  $t0  $t1  $t2  $t3  $t4  $t5  $t6  $t7  $s0  $s1  $s2  $s3  $s4  $s5  $s6  $s7  $t8  $t9  $k0  $k1  $gp  $sp  $fp  $ra
 44 IF     0    0    0    0    1    0    0    0    1    0    0    0    0    0    0    0   36    0    0    0    0    0    0    0    0    0    0    0    0  -32    0   18 
 44 ID     0    0    0    0    1    0    0    0    1    0    0    0    0    0    0    0   36    0    0    0    0    0    0    0    0    0    0    0    0  -32    0   18 
 44 EX     0    0    0    0    1    0    0    0    1    0    0    0    0    0    0    0   36    0    0    0    0    0    0    0    0    0    0    0    0  -32    0   18 
 44 MEM    0    0    0    0    1    0    0    0    1    0    0    0    0    0    0    0   36    0    0    0    0    0    0    0    0    0    0    0    0  -32    0   18 
 44 WB     0    0    0    0    1    0    0    0    1    0    0    0    0    0    0    0   36    0    0    0    0    0    0    0    0    0    0    0    0  -32    0   18 

add $t4, $t1, $t2:
 PC FASE $zero $at  $v0  $v1  $a0  $a1  $a2  $a3  $t0  $t1  $t2  $t3  $t4  $t5  $t6  $t7  $s0  $s1  $s2  $s3  $s4  $s5  $s6  $s7  $t8  $t9  $k0  $k1  $gp  $sp  $fp  $ra
 48 IF     0    0    0    0    1    0    0    0    1    0    0    0    0    0    0    0   36    0    0    0    0    0    0    0    0    0    0    0    0  -32    0   18 
 48 ID     0    0    0    0    1    0    0    0    1    0    0    0    0    0    0    0   36    0    0    0    0    0    0    0    0    0    0    0    0  -32    0   18 
 48 EX     0    0    0    0    1    0    0    0    1    0    0    0    0    0    0    0   36    0    0    0    0    0    0    0    0    0    0    0    0  -32    0   18 
 48 MEM    0    0    0    0    1    0    0    0    1    0    0    0    0    0    0    0   36    0    0    0    0    0    0    0    0    0    0    0    0  -32    0   18 
 48 WB     0    0    0    0    1    0    0    0    1    0    0    0    0    0    0    0   36    0    0    0    0    0    0    0    0    0    0    0    0  -32    0   18 

lw $t3, 8($s0):
 PC FASE $zero $at  $v0  $v1  $a0  $a1  $a2  $a3  $t0  $t1  $t2  $t3  $t4  $t5  $t6  $t7  $s0  $s1  $s2  $s3  $s4  $s5  $s6  $s7  $t8  $t9  $k0  $k1  $gp  $sp  $fp  $ra
 52 IF     0    0    0    0    1    0    0    0    1    0    0    0    0    0    0    0   36    0    0    0    0    0    0    0    0    0    0    0    0  -32    0   18 
 52 ID     0    0    0    0    1    0    0    0    1    0    0    0    0    0    0    0   36    0    0    0    0    0    0    0    0    0    0    0    0  -32    0   18 
 52 EX     0    0    0    0    1    0    0    0    1    0    0    0    0    0    0    0   36    0    0    0    0    0    0    0    0    0    0    0    0  -32    0   18 
 52 MEM    0    0    0    0    1    0    0    0    1    0    0    0    0    0    0    0   36    0    0    0    0    0    0    0    0    0    0    0    0  -32    0   18 
 52 WB     0    0    0    0    1    0    0    0    1    0    0    0    0    0    0    0   36    0    0    0    0    0    0    0    0    0    0    0    0  -32    0   18 

add $s5, $t4, $t3:
 PC FASE $zero $at  $v0  $v1  $a0  $a1  $a2  $a3  $t0  $t1  $t2  $t3  $t4  $t5  $t6  $t7  $s0  $s1  $s2  $s3  $s4  $s5  $s6  $s7  $t8  $t9  $k0  $k1  $gp  $sp  $fp  $ra
 56 IF     0    0    0    0    1    0    0    0    1    0    0    0    0    0    0    0   36    0    0    0    0    0    0    0    0    0    0    0    0  -32    0   18 
 56 ID     0    0    0    0    1    0    0    0    1    0    0    0    0    0    0    0   36    0    0    0    0    0    0    0    0    0    0    0    0  -32    0   18 
 56 EX     0    0    0    0    1    0    0    0    1    0    0    0    0    0    0    0   36    0    0    0    0    0    0    0    0    0    0    0    0  -32    0   18 
 56 MEM    0    0    0    0    1    0    0    0    1    0    0    0    0    0    0    0   36    0    0    0    0    0    0    0    0    0    0    0    0  -32    0   18 
 56 WB     0    0    0    0    1    0    0    0    1    0    0    0    0    0    0    0   36    0    0    0    0    0    0    0    0    0    0    0    0  -32    0   18 

addi $s0, $s0, 12:
 PC FASE $zero $at  $v0  $v1  $a0  $a1  $a2  $a3  $t0  $t1  $t2  $t3  $t4  $t5  $t6  $t7  $s0  $s1  $s2  $s3  $s4  $s5  $s6  $s7  $t8  $t9  $k0  $k1  $gp  $sp  $fp  $ra
 60 IF     0    0    0    0    1    0    0    0    1    0    0    0    0    0    0    0   36    0    0    0    0    0    0    0    0    0    0    0    0  -32    0   18 
 60 ID     0    0    0    0    1    0    0    0    1    0    0    0    0    0    0    0   36    0    0    0    0    0    0    0    0    0    0    0    0  -32    0   18 
 60 EX     0    0    0    0    1    0    0    0    1    0    0    0    0    0    0    0   36    0    0    0    0    0    0    0    0    0    0    0    0  -32    0   18 
 60 MEM    0    0    0    0    1    0    0    0    1    0    0    0    0    0    0    0   36    0    0    0    0    0    0    0    0    0    0    0    0  -32    0   18 
 60 WB     0    0    0    0    1    0    0    0    1    0    0    0    0    0    0    0   48    0    0    0    0    0    0    0    0    0    0    0    0  -32    0   18 

addi $a0, $t0, -1:
 PC FASE $zero $at  $v0  $v1  $a0  $a1  $a2  $a3  $t0  $t1  $t2  $t3  $t4  $t5  $t6  $t7  $s0  $s1  $s2  $s3  $s4  $s5  $s6  $s7  $t8  $t9  $k0  $k1  $gp  $sp  $fp  $ra
 64 IF     0    0    0    0    1    0    0    0    1    0    0    0    0    0    0    0   48    0    0    0    0    0    0    0    0    0    0    0    0  -32    0   18 
 64 ID     0    0    0    0    1    0    0    0    1    0    0    0    0    0    0    0   48    0    0    0    0    0    0    0    0    0    0    0    0  -32    0   18 
 64 EX     0    0    0    0    1    0    0    0    1    0    0    0    0    0    0    0   48    0    0    0    0    0    0    0    0    0    0    0    0  -32    0   18 
 64 MEM    0    0    0    0    1    0    0    0    1    0    0    0    0    0    0    0   48    0    0    0    0    0    0    0    0    0    0    0    0  -32    0   18 
 64 WB     0    0    0    0    0    0    0    0    1    0    0    0    0    0    0    0   48    0    0    0    0    0    0    0    0    0    0    0    0  -32    0   18 

jal FUNCION_RECURSIVA:
 PC FASE $zero $at  $v0  $v1  $a0  $a1  $a2  $a3  $t0  $t1  $t2  $t3  $t4  $t5  $t6  $t7  $s0  $s1  $s2  $s3  $s4  $s5  $s6  $s7  $t8  $t9  $k0  $k1  $gp  $sp  $fp  $ra
 68 IF     0    0    0    0    0    0    0    0    1    0    0    0    0    0    0    0   48    0    0    0    0    0    0    0    0    0    0    0    0  -32    0   18 
 20 ID     0    0    0    0    0    0    0    0    1    0    0    0    0    0    0    0   48    0    0    0    0    0    0    0    0    0    0    0    0  -32    0   18 
 20 EX     0    0    0    0    0    0    0    0    1    0    0    0    0    0    0    0   48    0    0    0    0    0    0    0    0    0    0    0    0  -32    0   18 
 20 MEM    0    0    0    0    0    0    0    0    1    0    0    0    0    0    0    0   48    0    0    0    0    0    0    0    0    0    0    0    0  -32    0   18 
 20 WB     0    0    0    0    0    0    0    0    1    0    0    0    0    0    0    0   48    0    0    0    0    0    0    0    0    0    0    0    0  -32    0   18 

la $t0, ($a0):
 PC FASE $zero $at  $v0  $v1  $a0  $a1  $a2  $a3  $t0  $t1  $t2  $t3  $t4  $t5  $t6  $t7  $s0  $s1  $s2  $s3  $s4  $s5  $s6  $s7  $t8  $t9  $k0  $k1  $gp  $sp  $fp  $ra
 20 IF     0    0    0    0    0    0    0    0    1    0    0    0    0    0    0    0   48    0    0    0    0    0    0    0    0    0    0    0    0  -32    0   18 
 20 ID     0    0    0    0    0    0    0    0    1    0    0    0    0    0    0    0   48    0    0    0    0    0    0    0    0    0    0    0    0  -32    0   18 
 20 EX     0    0    0    0    0    0    0    0    1    0    0    0    0    0    0    0   48    0    0    0    0    0    0    0    0    0    0    0    0  -32    0   18 
 20 MEM    0    0    0    0    0    0    0    0    1    0    0    0    0    0    0    0   48    0    0    0    0    0    0    0    0    0    0    0    0  -32    0   18 
 20 WB     0    0    0    0    0    0    0    0    0    0    0    0    0    0    0    0   48    0    0    0    0    0    0    0    0    0    0    0    0  -32    0   18 

addi $sp, $sp, -8:
 PC FASE $zero $at  $v0  $v1  $a0  $a1  $a2  $a3  $t0  $t1  $t2  $t3  $t4  $t5  $t6  $t7  $s0  $s1  $s2  $s3  $s4  $s5  $s6  $s7  $t8  $t9  $k0  $k1  $gp  $sp  $fp  $ra
 24 IF     0    0    0    0    0    0    0    0    0    0    0    0    0    0    0    0   48    0    0    0    0    0    0    0    0    0    0    0    0  -32    0   18 
 24 ID     0    0    0    0    0    0    0    0    0    0    0    0    0    0    0    0   48    0    0    0    0    0    0    0    0    0    0    0    0  -32    0   18 
 24 EX     0    0    0    0    0    0    0    0    0    0    0    0    0    0    0    0   48    0    0    0    0    0    0    0    0    0    0    0    0  -32    0   18 
 24 MEM    0    0    0    0    0    0    0    0    0    0    0    0    0    0    0    0   48    0    0    0    0    0    0    0    0    0    0    0    0  -32    0   18 
 24 WB     0    0    0    0    0    0    0    0    0    0    0    0    0    0    0    0   48    0    0    0    0    0    0    0    0    0    0    0    0  -40    0   18 

sw $ra, 0($sp):
 PC FASE $zero $at  $v0  $v1  $a0  $a1  $a2  $a3  $t0  $t1  $t2  $t3  $t4  $t5  $t6  $t7  $s0  $s1  $s2  $s3  $s4  $s5  $s6  $s7  $t8  $t9  $k0  $k1  $gp  $sp  $fp  $ra
 28 IF     0    0    0    0    0    0    0    0    0    0    0    0    0    0    0    0   48    0    0    0    0    0    0    0    0    0    0    0    0  -40    0   18 
 28 ID     0    0    0    0    0    0    0    0    0    0    0    0    0    0    0    0   48    0    0    0    0    0    0    0    0    0    0    0    0  -40    0   18 
 28 EX     0    0    0    0    0    0    0    0    0    0    0    0    0    0    0    0   48    0    0    0    0    0    0    0    0    0    0    0    0  -40    0   18 
 28 MEM    0    0    0    0    0    0    0    0    0    0    0    0    0    0    0    0   48    0    0    0    0    0    0    0    0    0    0    0    0  -40    0   18 
 28 WB     0    0    0    0    0    0    0    0    0    0    0    0    0    0    0    0   48    0    0    0    0    0    0    0    0    0    0    0    0  -40    0   18 

sw $s5, 4($sp):
 PC FASE $zero $at  $v0  $v1  $a0  $a1  $a2  $a3  $t0  $t1  $t2  $t3  $t4  $t5  $t6  $t7  $s0  $s1  $s2  $s3  $s4  $s5  $s6  $s7  $t8  $t9  $k0  $k1  $gp  $sp  $fp  $ra
 32 IF     0    0    0    0    0    0    0    0    0    0    0    0    0    0    0    0   48    0    0    0    0    0    0    0    0    0    0    0    0  -40    0   18 
 32 ID     0    0    0    0    0    0    0    0    0    0    0    0    0    0    0    0   48    0    0    0    0    0    0    0    0    0    0    0    0  -40    0   18 
 32 EX     0    0    0    0    0    0    0    0    0    0    0    0    0    0    0    0   48    0    0    0    0    0    0    0    0    0    0    0    0  -40    0   18 
 32 MEM    0    0    0    0    0    0    0    0    0    0    0    0    0    0    0    0   48    0    0    0    0    0    0    0    0    0    0    0    0  -40    0   18 
 32 WB     0    0    0    0    0    0    0    0    0    0    0    0    0    0    0    0   48    0    0    0    0    0    0    0    0    0    0    0    0  -40    0   18 

beq $t0, $zero, END_FUNCION:
 PC FASE $zero $at  $v0  $v1  $a0  $a1  $a2  $a3  $t0  $t1  $t2  $t3  $t4  $t5  $t6  $t7  $s0  $s1  $s2  $s3  $s4  $s5  $s6  $s7  $t8  $t9  $k0  $k1  $gp  $sp  $fp  $ra
 36 IF     0    0    0    0    0    0    0    0    0    0    0    0    0    0    0    0   48    0    0    0    0    0    0    0    0    0    0    0    0  -40    0   18 
 36 ID     0    0    0    0    0    0    0    0    0    0    0    0    0    0    0    0   48    0    0    0    0    0    0    0    0    0    0    0    0  -40    0   18 
 36 EX     0    0    0    0    0    0    0    0    0    0    0    0    0    0    0    0   48    0    0    0    0    0    0    0    0    0    0    0    0  -40    0   18 
 72 MEM    0    0    0    0    0    0    0    0    0    0    0    0    0    0    0    0   48    0    0    0    0    0    0    0    0    0    0    0    0  -40    0   18 
 72 WB     0    0    0    0    0    0    0    0    0    0    0    0    0    0    0    0   48    0    0    0    0    0    0    0    0    0    0    0    0  -40    0   18 

lw $ra, 0($sp):
 PC FASE $zero $at  $v0  $v1  $a0  $a1  $a2  $a3  $t0  $t1  $t2  $t3  $t4  $t5  $t6  $t7  $s0  $s1  $s2  $s3  $s4  $s5  $s6  $s7  $t8  $t9  $k0  $k1  $gp  $sp  $fp  $ra
 72 IF     0    0    0    0    0    0    0    0    0    0    0    0    0    0    0    0   48    0    0    0    0    0    0    0    0    0    0    0    0  -40    0   18 
 72 ID     0    0    0    0    0    0    0    0    0    0    0    0    0    0    0    0   48    0    0    0    0    0    0    0    0    0    0    0    0  -40    0   18 
 72 EX     0    0    0    0    0    0    0    0    0    0    0    0    0    0    0    0   48    0    0    0    0    0    0    0    0    0    0    0    0  -40    0   18 
 72 MEM    0    0    0    0    0    0    0    0    0    0    0    0    0    0    0    0   48    0    0    0    0    0    0    0    0    0    0    0    0  -40    0   18 
 72 WB     0    0    0    0    0    0    0    0    0    0    0    0    0    0    0    0   48    0    0    0    0    0    0    0    0    0    0    0    0  -40    0   18 

lw $t9, 4($sp):
 PC FASE $zero $at  $v0  $v1  $a0  $a1  $a2  $a3  $t0  $t1  $t2  $t3  $t4  $t5  $t6  $t7  $s0  $s1  $s2  $s3  $s4  $s5  $s6  $s7  $t8  $t9  $k0  $k1  $gp  $sp  $fp  $ra
 76 IF     0    0    0    0    0    0    0    0    0    0    0    0    0    0    0    0   48    0    0    0    0    0    0    0    0    0    0    0    0  -40    0   18 
 76 ID     0    0    0    0    0    0    0    0    0    0    0    0    0    0    0    0   48    0    0    0    0    0    0    0    0    0    0    0    0  -40    0   18 
 76 EX     0    0    0    0    0    0    0    0    0    0    0    0    0    0    0    0   48    0    0    0    0    0    0    0    0    0    0    0    0  -40    0   18 
 76 MEM    0    0    0    0    0    0    0    0    0    0    0    0    0    0    0    0   48    0    0    0    0    0    0    0    0    0    0    0    0  -40    0   18 
 76 WB     0    0    0    0    0    0    0    0    0    0    0    0    0    0    0    0   48    0    0    0    0    0    0    0    0    0    0    0    0  -40    0   18 

addi $sp, $sp, 8:
 PC FASE $zero $at  $v0  $v1  $a0  $a1  $a2  $a3  $t0  $t1  $t2  $t3  $t4  $t5  $t6  $t7  $s0  $s1  $s2  $s3  $s4  $s5  $s6  $s7  $t8  $t9  $k0  $k1  $gp  $sp  $fp  $ra
 80 IF     0    0    0    0    0    0    0    0    0    0    0    0    0    0    0    0   48    0    0    0    0    0    0    0    0    0    0    0    0  -40    0   18 
 80 ID     0    0    0    0    0    0    0    0    0    0    0    0    0    0    0    0   48    0    0    0    0    0    0    0    0    0    0    0    0  -40    0   18 
 80 EX     0    0    0    0    0    0    0    0    0    0    0    0    0    0    0    0   48    0    0    0    0    0    0    0    0    0    0    0    0  -40    0   18 
 80 MEM    0    0    0    0    0    0    0    0    0    0    0    0    0    0    0    0   48    0    0    0    0    0    0    0    0    0    0    0    0  -40    0   18 
 80 WB     0    0    0    0    0    0    0    0    0    0    0    0    0    0    0    0   48    0    0    0    0    0    0    0    0    0    0    0    0  -32    0   18 

add $v0, $v0, $t9:
 PC FASE $zero $at  $v0  $v1  $a0  $a1  $a2  $a3  $t0  $t1  $t2  $t3  $t4  $t5  $t6  $t7  $s0  $s1  $s2  $s3  $s4  $s5  $s6  $s7  $t8  $t9  $k0  $k1  $gp  $sp  $fp  $ra
 84 IF     0    0    0    0    0    0    0    0    0    0    0    0    0    0    0    0   48    0    0    0    0    0    0    0    0    0    0    0    0  -32    0   18 
 84 ID     0    0    0    0    0    0    0    0    0    0    0    0    0    0    0    0   48    0    0    0    0    0    0    0    0    0    0    0    0  -32    0   18 
 84 EX     0    0    0    0    0    0    0    0    0    0    0    0    0    0    0    0   48    0    0    0    0    0    0    0    0    0    0    0    0  -32    0   18 
 84 MEM    0    0    0    0    0    0    0    0    0    0    0    0    0    0    0    0   48    0    0    0    0    0    0    0    0    0    0    0    0  -32    0   18 
 84 WB     0    0    0    0    0    0    0    0    0    0    0    0    0    0    0    0   48    0    0    0    0    0    0    0    0    0    0    0    0  -32    0   18 

jr $ra:
 PC FASE $zero $at  $v0  $v1  $a0  $a1  $a2  $a3  $t0  $t1  $t2  $t3  $t4  $t5  $t6  $t7  $s0  $s1  $s2  $s3  $s4  $s5  $s6  $s7  $t8  $t9  $k0  $k1  $gp  $sp  $fp  $ra
 88 IF     0    0    0    0    0    0    0    0    0    0    0    0    0    0    0    0   48    0    0    0    0    0    0    0    0    0    0    0    0  -32    0   18 
 88 ID     0    0    0    0    0    0    0    0    0    0    0    0    0    0    0    0   48    0    0    0    0    0    0    0    0    0    0    0    0  -32    0   18 
 88 EX     0    0    0    0    0    0    0    0    0    0    0    0    0    0    0    0   48    0    0    0    0    0    0    0    0    0    0    0    0  -32    0   18 
 88 MEM    0    0    0    0    0    0    0    0    0    0    0    0    0    0    0    0   48    0    0    0    0    0    0    0    0    0    0    0    0  -32    0   18 
 72 WB     0    0    0    0    0    0    0    0    0    0    0    0    0    0    0    0   48    0    0    0    0    0    0    0    0    0    0    0    0  -32    0   18 

lw $ra, 0($sp):
 PC FASE $zero $at  $v0  $v1  $a0  $a1  $a2  $a3  $t0  $t1  $t2  $t3  $t4  $t5  $t6  $t7  $s0  $s1  $s2  $s3  $s4  $s5  $s6  $s7  $t8  $t9  $k0  $k1  $gp  $sp  $fp  $ra
 72 IF     0    0    0    0    0    0    0    0    0    0    0    0    0    0    0    0   48    0    0    0    0    0    0    0    0    0    0    0    0  -32    0   18 
 72 ID     0    0    0    0    0    0    0    0    0    0    0    0    0    0    0    0   48    0    0    0    0    0    0    0    0    0    0    0    0  -32    0   18 
 72 EX     0    0    0    0    0    0    0    0    0    0    0    0    0    0    0    0   48    0    0    0    0    0    0    0    0    0    0    0    0  -32    0   18 
 72 MEM    0    0    0    0    0    0    0    0    0    0    0    0    0    0    0    0   48    0    0    0    0    0    0    0    0    0    0    0    0  -32    0   18 
 72 WB     0    0    0    0    0    0    0    0    0    0    0    0    0    0    0    0   48    0    0    0    0    0    0    0    0    0    0    0    0  -32    0   18 

lw $t9, 4($sp):
 PC FASE $zero $at  $v0  $v1  $a0  $a1  $a2  $a3  $t0  $t1  $t2  $t3  $t4  $t5  $t6  $t7  $s0  $s1  $s2  $s3  $s4  $s5  $s6  $s7  $t8  $t9  $k0  $k1  $gp  $sp  $fp  $ra
 76 IF     0    0    0    0    0    0    0    0    0    0    0    0    0    0    0    0   48    0    0    0    0    0    0    0    0    0    0    0    0  -32    0   18 
 76 ID     0    0    0    0    0    0    0    0    0    0    0    0    0    0    0    0   48    0    0    0    0    0    0    0    0    0    0    0    0  -32    0   18 
 76 EX     0    0    0    0    0    0    0    0    0    0    0    0    0    0    0    0   48    0    0    0    0    0    0    0    0    0    0    0    0  -32    0   18 
 76 MEM    0    0    0    0    0    0    0    0    0    0    0    0    0    0    0    0   48    0    0    0    0    0    0    0    0    0    0    0    0  -32    0   18 
 76 WB     0    0    0    0    0    0    0    0    0    0    0    0    0    0    0    0   48    0    0    0    0    0    0    0    0    0    0    0    0  -32    0   18 

addi $sp, $sp, 8:
 PC FASE $zero $at  $v0  $v1  $a0  $a1  $a2  $a3  $t0  $t1  $t2  $t3  $t4  $t5  $t6  $t7  $s0  $s1  $s2  $s3  $s4  $s5  $s6  $s7  $t8  $t9  $k0  $k1  $gp  $sp  $fp  $ra
 80 IF     0    0    0    0    0    0    0    0    0    0    0    0    0    0    0    0   48    0    0    0    0    0    0    0    0    0    0    0    0  -32    0   18 
 80 ID     0    0    0    0    0    0    0    0    0    0    0    0    0    0    0    0   48    0    0    0    0    0    0    0    0    0    0    0    0  -32    0   18 
 80 EX     0    0    0    0    0    0    0    0    0    0    0    0    0    0    0    0   48    0    0    0    0    0    0    0    0    0    0    0    0  -32    0   18 
 80 MEM    0    0    0    0    0    0    0    0    0    0    0    0    0    0    0    0   48    0    0    0    0    0    0    0    0    0    0    0    0  -32    0   18 
 80 WB     0    0    0    0    0    0    0    0    0    0    0    0    0    0    0    0   48    0    0    0    0    0    0    0    0    0    0    0    0  -24    0   18 

add $v0, $v0, $t9:
 PC FASE $zero $at  $v0  $v1  $a0  $a1  $a2  $a3  $t0  $t1  $t2  $t3  $t4  $t5  $t6  $t7  $s0  $s1  $s2  $s3  $s4  $s5  $s6  $s7  $t8  $t9  $k0  $k1  $gp  $sp  $fp  $ra
 84 IF     0    0    0    0    0    0    0    0    0    0    0    0    0    0    0    0   48    0    0    0    0    0    0    0    0    0    0    0    0  -24    0   18 
 84 ID     0    0    0    0    0    0    0    0    0    0    0    0    0    0    0    0   48    0    0    0    0    0    0    0    0    0    0    0    0  -24    0   18 
 84 EX     0    0    0    0    0    0    0    0    0    0    0    0    0    0    0    0   48    0    0    0    0    0    0    0    0    0    0    0    0  -24    0   18 
 84 MEM    0    0    0    0    0    0    0    0    0    0    0    0    0    0    0    0   48    0    0    0    0    0    0    0    0    0    0    0    0  -24    0   18 
 84 WB     0    0    0    0    0    0    0    0    0    0    0    0    0    0    0    0   48    0    0    0    0    0    0    0    0    0    0    0    0  -24    0   18 

jr $ra:
 PC FASE $zero $at  $v0  $v1  $a0  $a1  $a2  $a3  $t0  $t1  $t2  $t3  $t4  $t5  $t6  $t7  $s0  $s1  $s2  $s3  $s4  $s5  $s6  $s7  $t8  $t9  $k0  $k1  $gp  $sp  $fp  $ra
 88 IF     0    0    0    0    0    0    0    0    0    0    0    0    0    0    0    0   48    0    0    0    0    0    0    0    0    0    0    0    0  -24    0   18 
 88 ID     0    0    0    0    0    0    0    0    0    0    0    0    0    0    0    0   48    0    0    0    0    0    0    0    0    0    0    0    0  -24    0   18 
 88 EX     0    0    0    0    0    0    0    0    0    0    0    0    0    0    0    0   48    0    0    0    0    0    0    0    0    0    0    0    0  -24    0   18 
 88 MEM    0    0    0    0    0    0    0    0    0    0    0    0    0    0    0    0   48    0    0    0    0    0    0    0    0    0    0    0    0  -24    0   18 
 72 WB     0    0    0    0    0    0    0    0    0    0    0    0    0    0    0    0   48    0    0    0    0    0    0    0    0    0    0    0    0  -24    0   18 

lw $ra, 0($sp):
 PC FASE $zero $at  $v0  $v1  $a0  $a1  $a2  $a3  $t0  $t1  $t2  $t3  $t4  $t5  $t6  $t7  $s0  $s1  $s2  $s3  $s4  $s5  $s6  $s7  $t8  $t9  $k0  $k1  $gp  $sp  $fp  $ra
 72 IF     0    0    0    0    0    0    0    0    0    0    0    0    0    0    0    0   48    0    0    0    0    0    0    0    0    0    0    0    0  -24    0   18 
 72 ID     0    0    0    0    0    0    0    0    0    0    0    0    0    0    0    0   48    0    0    0    0    0    0    0    0    0    0    0    0  -24    0   18 
 72 EX     0    0    0    0    0    0    0    0    0    0    0    0    0    0    0    0   48    0    0    0    0    0    0    0    0    0    0    0    0  -24    0   18 
 72 MEM    0    0    0    0    0    0    0    0    0    0    0    0    0    0    0    0   48    0    0    0    0    0    0    0    0    0    0    0    0  -24    0   18 
 72 WB     0    0    0    0    0    0    0    0    0    0    0    0    0    0    0    0   48    0    0    0    0    0    0    0    0    0    0    0    0  -24    0   18 

lw $t9, 4($sp):
 PC FASE $zero $at  $v0  $v1  $a0  $a1  $a2  $a3  $t0  $t1  $t2  $t3  $t4  $t5  $t6  $t7  $s0  $s1  $s2  $s3  $s4  $s5  $s6  $s7  $t8  $t9  $k0  $k1  $gp  $sp  $fp  $ra
 76 IF     0    0    0    0    0    0    0    0    0    0    0    0    0    0    0    0   48    0    0    0    0    0    0    0    0    0    0    0    0  -24    0   18 
 76 ID     0    0    0    0    0    0    0    0    0    0    0    0    0    0    0    0   48    0    0    0    0    0    0    0    0    0    0    0    0  -24    0   18 
 76 EX     0    0    0    0    0    0    0    0    0    0    0    0    0    0    0    0   48    0    0    0    0    0    0    0    0    0    0    0    0  -24    0   18 
 76 MEM    0    0    0    0    0    0    0    0    0    0    0    0    0    0    0    0   48    0    0    0    0    0    0    0    0    0    0    0    0  -24    0   18 
 76 WB     0    0    0    0    0    0    0    0    0    0    0    0    0    0    0    0   48    0    0    0    0    0    0    0    0    0    0    0    0  -24    0   18 

addi $sp, $sp, 8:
 PC FASE $zero $at  $v0  $v1  $a0  $a1  $a2  $a3  $t0  $t1  $t2  $t3  $t4  $t5  $t6  $t7  $s0  $s1  $s2  $s3  $s4  $s5  $s6  $s7  $t8  $t9  $k0  $k1  $gp  $sp  $fp  $ra
 80 IF     0    0    0    0    0    0    0    0    0    0    0    0    0    0    0    0   48    0    0    0    0    0    0    0    0    0    0    0    0  -24    0   18 
 80 ID     0    0    0    0    0    0    0    0    0    0    0    0    0    0    0    0   48    0    0    0    0    0    0    0    0    0    0    0    0  -24    0   18 
 80 EX     0    0    0    0    0    0    0    0    0    0    0    0    0    0    0    0   48    0    0    0    0    0    0    0    0    0    0    0    0  -24    0   18 
 80 MEM    0    0    0    0    0    0    0    0    0    0    0    0    0    0    0    0   48    0    0    0    0    0    0    0    0    0    0    0    0  -24    0   18 
 80 WB     0    0    0    0    0    0    0    0    0    0    0    0    0    0    0    0   48    0    0    0    0    0    0    0    0    0    0    0    0  -16    0   18 

add $v0, $v0, $t9:
 PC FASE $zero $at  $v0  $v1  $a0  $a1  $a2  $a3  $t0  $t1  $t2  $t3  $t4  $t5  $t6  $t7  $s0  $s1  $s2  $s3  $s4  $s5  $s6  $s7  $t8  $t9  $k0  $k1  $gp  $sp  $fp  $ra
 84 IF     0    0    0    0    0    0    0    0    0    0    0    0    0    0    0    0   48    0    0    0    0    0    0    0    0    0    0    0    0  -16    0   18 
 84 ID     0    0    0    0    0    0    0    0    0    0    0    0    0    0    0    0   48    0    0    0    0    0    0    0    0    0    0    0    0  -16    0   18 
 84 EX     0    0    0    0    0    0    0    0    0    0    0    0    0    0    0    0   48    0    0    0    0    0    0    0    0    0    0    0    0  -16    0   18 
 84 MEM    0    0    0    0    0    0    0    0    0    0    0    0    0    0    0    0   48    0    0    0    0    0    0    0    0    0    0    0    0  -16    0   18 
 84 WB     0    0    0    0    0    0    0    0    0    0    0    0    0    0    0    0   48    0    0    0    0    0    0    0    0    0    0    0    0  -16    0   18 

jr $ra:
 PC FASE $zero $at  $v0  $v1  $a0  $a1  $a2  $a3  $t0  $t1  $t2  $t3  $t4  $t5  $t6  $t7  $s0  $s1  $s2  $s3  $s4  $s5  $s6  $s7  $t8  $t9  $k0  $k1  $gp  $sp  $fp  $ra
 88 IF     0    0    0    0    0    0    0    0    0    0    0    0    0    0    0    0   48    0    0    0    0    0    0    0    0    0    0    0    0  -16    0   18 
 88 ID     0    0    0    0    0    0    0    0    0    0    0    0    0    0    0    0   48    0    0    0    0    0    0    0    0    0    0    0    0  -16    0   18 
 88 EX     0    0    0    0    0    0    0    0    0    0    0    0    0    0    0    0   48    0    0    0    0    0    0    0    0    0    0    0    0  -16    0   18 
 88 MEM    0    0    0    0    0    0    0    0    0    0    0    0    0    0    0    0   48    0    0    0    0    0    0    0    0    0    0    0    0  -16    0   18 
 72 WB     0    0    0    0    0    0    0    0    0    0    0    0    0    0    0    0   48    0    0    0    0    0    0    0    0    0    0    0    0  -16    0   18 

lw $ra, 0($sp):
 PC FASE $zero $at  $v0  $v1  $a0  $a1  $a2  $a3  $t0  $t1  $t2  $t3  $t4  $t5  $t6  $t7  $s0  $s1  $s2  $s3  $s4  $s5  $s6  $s7  $t8  $t9  $k0  $k1  $gp  $sp  $fp  $ra
 72 IF     0    0    0    0    0    0    0    0    0    0    0    0    0    0    0    0   48    0    0    0    0    0    0    0    0    0    0    0    0  -16    0   18 
 72 ID     0    0    0    0    0    0    0    0    0    0    0    0    0    0    0    0   48    0    0    0    0    0    0    0    0    0    0    0    0  -16    0   18 
 72 EX     0    0    0    0    0    0    0    0    0    0    0    0    0    0    0    0   48    0    0    0    0    0    0    0    0    0    0    0    0  -16    0   18 
 72 MEM    0    0    0    0    0    0    0    0    0    0    0    0    0    0    0    0   48    0    0    0    0    0    0    0    0    0    0    0    0  -16    0   18 
 72 WB     0    0    0    0    0    0    0    0    0    0    0    0    0    0    0    0   48    0    0    0    0    0    0    0    0    0    0    0    0  -16    0   18 

lw $t9, 4($sp):
 PC FASE $zero $at  $v0  $v1  $a0  $a1  $a2  $a3  $t0  $t1  $t2  $t3  $t4  $t5  $t6  $t7  $s0  $s1  $s2  $s3  $s4  $s5  $s6  $s7  $t8  $t9  $k0  $k1  $gp  $sp  $fp  $ra
 76 IF     0    0    0    0    0    0    0    0    0    0    0    0    0    0    0    0   48    0    0    0    0    0    0    0    0    0    0    0    0  -16    0   18 
 76 ID     0    0    0    0    0    0    0    0    0    0    0    0    0    0    0    0   48    0    0    0    0    0    0    0    0    0    0    0    0  -16    0   18 
 76 EX     0    0    0    0    0    0    0    0    0    0    0    0    0    0    0    0   48    0    0    0    0    0    0    0    0    0    0    0    0  -16    0   18 
 76 MEM    0    0    0    0    0    0    0    0    0    0    0    0    0    0    0    0   48    0    0    0    0    0    0    0    0    0    0    0    0  -16    0   18 
 76 WB     0    0    0    0    0    0    0    0    0    0    0    0    0    0    0    0   48    0    0    0    0    0    0    0    0    0    0    0    0  -16    0   18 

addi $sp, $sp, 8:
 PC FASE $zero $at  $v0  $v1  $a0  $a1  $a2  $a3  $t0  $t1  $t2  $t3  $t4  $t5  $t6  $t7  $s0  $s1  $s2  $s3  $s4  $s5  $s6  $s7  $t8  $t9  $k0  $k1  $gp  $sp  $fp  $ra
 80 IF     0    0    0    0    0    0    0    0    0    0    0    0    0    0    0    0   48    0    0    0    0    0    0    0    0    0    0    0    0  -16    0   18 
 80 ID     0    0    0    0    0    0    0    0    0    0    0    0    0    0    0    0   48    0    0    0    0    0    0    0    0    0    0    0    0  -16    0   18 
 80 EX     0    0    0    0    0    0    0    0    0    0    0    0    0    0    0    0   48    0    0    0    0    0    0    0    0    0    0    0    0  -16    0   18 
 80 MEM    0    0    0    0    0    0    0    0    0    0    0    0    0    0    0    0   48    0    0    0    0    0    0    0    0    0    0    0    0  -16    0   18 
 80 WB     0    0    0    0    0    0    0    0    0    0    0    0    0    0    0    0   48    0    0    0    0    0    0    0    0    0    0    0    0   -8    0   18 

add $v0, $v0, $t9:
 PC FASE $zero $at  $v0  $v1  $a0  $a1  $a2  $a3  $t0  $t1  $t2  $t3  $t4  $t5  $t6  $t7  $s0  $s1  $s2  $s3  $s4  $s5  $s6  $s7  $t8  $t9  $k0  $k1  $gp  $sp  $fp  $ra
 84 IF     0    0    0    0    0    0    0    0    0    0    0    0    0    0    0    0   48    0    0    0    0    0    0    0    0    0    0    0    0   -8    0   18 
 84 ID     0    0    0    0    0    0    0    0    0    0    0    0    0    0    0    0   48    0    0    0    0    0    0    0    0    0    0    0    0   -8    0   18 
 84 EX     0    0    0    0    0    0    0    0    0    0    0    0    0    0    0    0   48    0    0    0    0    0    0    0    0    0    0    0    0   -8    0   18 
 84 MEM    0    0    0    0    0    0    0    0    0    0    0    0    0    0    0    0   48    0    0    0    0    0    0    0    0    0    0    0    0   -8    0   18 
 84 WB     0    0    0    0    0    0    0    0    0    0    0    0    0    0    0    0   48    0    0    0    0    0    0    0    0    0    0    0    0   -8    0   18 

jr $ra:
 PC FASE $zero $at  $v0  $v1  $a0  $a1  $a2  $a3  $t0  $t1  $t2  $t3  $t4  $t5  $t6  $t7  $s0  $s1  $s2  $s3  $s4  $s5  $s6  $s7  $t8  $t9  $k0  $k1  $gp  $sp  $fp  $ra
 88 IF     0    0    0    0    0    0    0    0    0    0    0    0    0    0    0    0   48    0    0    0    0    0    0    0    0    0    0    0    0   -8    0   18 
 88 ID     0    0    0    0    0    0    0    0    0    0    0    0    0    0    0    0   48    0    0    0    0    0    0    0    0    0    0    0    0   -8    0   18 
 88 EX     0    0    0    0    0    0    0    0    0    0    0    0    0    0    0    0   48    0    0    0    0    0    0    0    0    0    0    0    0   -8    0   18 
 88 MEM    0    0    0    0    0    0    0    0    0    0    0    0    0    0    0    0   48    0    0    0    0    0    0    0    0    0    0    0    0   -8    0   18 
 72 WB     0    0    0    0    0    0    0    0    0    0    0    0    0    0    0    0   48    0    0    0    0    0    0    0    0    0    0    0    0   -8    0   18 

lw $ra, 0($sp):
 PC FASE $zero $at  $v0  $v1  $a0  $a1  $a2  $a3  $t0  $t1  $t2  $t3  $t4  $t5  $t6  $t7  $s0  $s1  $s2  $s3  $s4  $s5  $s6  $s7  $t8  $t9  $k0  $k1  $gp  $sp  $fp  $ra
 72 IF     0    0    0    0    0    0    0    0    0    0    0    0    0    0    0    0   48    0    0    0    0    0    0    0    0    0    0    0    0   -8    0   18 
 72 ID     0    0    0    0    0    0    0    0    0    0    0    0    0    0    0    0   48    0    0    0    0    0    0    0    0    0    0    0    0   -8    0   18 
 72 EX     0    0    0    0    0    0    0    0    0    0    0    0    0    0    0    0   48    0    0    0    0    0    0    0    0    0    0    0    0   -8    0   18 
 72 MEM    0    0    0    0    0    0    0    0    0    0    0    0    0    0    0    0   48    0    0    0    0    0    0    0    0    0    0    0    0   -8    0   18 
 72 WB     0    0    0    0    0    0    0    0    0    0    0    0    0    0    0    0   48    0    0    0    0    0    0    0    0    0    0    0    0   -8    0    3 

lw $t9, 4($sp):
 PC FASE $zero $at  $v0  $v1  $a0  $a1  $a2  $a3  $t0  $t1  $t2  $t3  $t4  $t5  $t6  $t7  $s0  $s1  $s2  $s3  $s4  $s5  $s6  $s7  $t8  $t9  $k0  $k1  $gp  $sp  $fp  $ra
 76 IF     0    0    0    0    0    0    0    0    0    0    0    0    0    0    0    0   48    0    0    0    0    0    0    0    0    0    0    0    0   -8    0    3 
 76 ID     0    0    0    0    0    0    0    0    0    0    0    0    0    0    0    0   48    0    0    0    0    0    0    0    0    0    0    0    0   -8    0    3 
 76 EX     0    0    0    0    0    0    0    0    0    0    0    0    0    0    0    0   48    0    0    0    0    0    0    0    0    0    0    0    0   -8    0    3 
 76 MEM    0    0    0    0    0    0    0    0    0    0    0    0    0    0    0    0   48    0    0    0    0    0    0    0    0    0    0    0    0   -8    0    3 
 76 WB     0    0    0    0    0    0    0    0    0    0    0    0    0    0    0    0   48    0    0    0    0    0    0    0    0    0    0    0    0   -8    0    3 

addi $sp, $sp, 8:
 PC FASE $zero $at  $v0  $v1  $a0  $a1  $a2  $a3  $t0  $t1  $t2  $t3  $t4  $t5  $t6  $t7  $s0  $s1  $s2  $s3  $s4  $s5  $s6  $s7  $t8  $t9  $k0  $k1  $gp  $sp  $fp  $ra
 80 IF     0    0    0    0    0    0    0    0    0    0    0    0    0    0    0    0   48    0    0    0    0    0    0    0    0    0    0    0    0   -8    0    3 
 80 ID     0    0    0    0    0    0    0    0    0    0    0    0    0    0    0    0   48    0    0    0    0    0    0    0    0    0    0    0    0   -8    0    3 
 80 EX     0    0    0    0    0    0    0    0    0    0    0    0    0    0    0    0   48    0    0    0    0    0    0    0    0    0    0    0    0   -8    0    3 
 80 MEM    0    0    0    0    0    0    0    0    0    0    0    0    0    0    0    0   48    0    0    0    0    0    0    0    0    0    0    0    0   -8    0    3 
 80 WB     0    0    0    0    0    0    0    0    0    0    0    0    0    0    0    0   48    0    0    0    0    0    0    0    0    0    0    0    0    0    0    3 

add $v0, $v0, $t9:
 PC FASE $zero $at  $v0  $v1  $a0  $a1  $a2  $a3  $t0  $t1  $t2  $t3  $t4  $t5  $t6  $t7  $s0  $s1  $s2  $s3  $s4  $s5  $s6  $s7  $t8  $t9  $k0  $k1  $gp  $sp  $fp  $ra
 84 IF     0    0    0    0    0    0    0    0    0    0    0    0    0    0    0    0   48    0    0    0    0    0    0    0    0    0    0    0    0    0    0    3 
 84 ID     0    0    0    0    0    0    0    0    0    0    0    0    0    0    0    0   48    0    0    0    0    0    0    0    0    0    0    0    0    0    0    3 
 84 EX     0    0    0    0    0    0    0    0    0    0    0    0    0    0    0    0   48    0    0    0    0    0    0    0    0    0    0    0    0    0    0    3 
 84 MEM    0    0    0    0    0    0    0    0    0    0    0    0    0    0    0    0   48    0    0    0    0    0    0    0    0    0    0    0    0    0    0    3 
 84 WB     0    0    0    0    0    0    0    0    0    0    0    0    0    0    0    0   48    0    0    0    0    0    0    0    0    0    0    0    0    0    0    3 

jr $ra:
 PC FASE $zero $at  $v0  $v1  $a0  $a1  $a2  $a3  $t0  $t1  $t2  $t3  $t4  $t5  $t6  $t7  $s0  $s1  $s2  $s3  $s4  $s5  $s6  $s7  $t8  $t9  $k0  $k1  $gp  $sp  $fp  $ra
 88 IF     0    0    0    0    0    0    0    0    0    0    0    0    0    0    0    0   48    0    0    0    0    0    0    0    0    0    0    0    0    0    0    3 
 88 ID     0    0    0    0    0    0    0    0    0    0    0    0    0    0    0    0   48    0    0    0    0    0    0    0    0    0    0    0    0    0    0    3 
 88 EX     0    0    0    0    0    0    0    0    0    0    0    0    0    0    0    0   48    0    0    0    0    0    0    0    0    0    0    0    0    0    0    3 
 88 MEM    0    0    0    0    0    0    0    0    0    0    0    0    0    0    0    0   48    0    0    0    0    0    0    0    0    0    0    0    0    0    0    3 
 12 WB     0    0    0    0    0    0    0    0    0    0    0    0    0    0    0    0   48    0    0    0    0    0    0    0    0    0    0    0    0    0    0    3 

add $s7, $v0, $zero:
 PC FASE $zero $at  $v0  $v1  $a0  $a1  $a2  $a3  $t0  $t1  $t2  $t3  $t4  $t5  $t6  $t7  $s0  $s1  $s2  $s3  $s4  $s5  $s6  $s7  $t8  $t9  $k0  $k1  $gp  $sp  $fp  $ra
 12 IF     0    0    0    0    0    0    0    0    0    0    0    0    0    0    0    0   48    0    0    0    0    0    0    0    0    0    0    0    0    0    0    3 
 12 ID     0    0    0    0    0    0    0    0    0    0    0    0    0    0    0    0   48    0    0    0    0    0    0    0    0    0    0    0    0    0    0    3 
 12 EX     0    0    0    0    0    0    0    0    0    0    0    0    0    0    0    0   48    0    0    0    0    0    0    0    0    0    0    0    0    0    0    3 
 12 MEM    0    0    0    0    0    0    0    0    0    0    0    0    0    0    0    0   48    0    0    0    0    0    0    0    0    0    0    0    0    0    0    3 
 12 WB     0    0    0    0    0    0    0    0    0    0    0    0    0    0    0    0   48    0    0    0    0    0    0    0    0    0    0    0    0    0    0    3 

j END:
 PC FASE $zero $at  $v0  $v1  $a0  $a1  $a2  $a3  $t0  $t1  $t2  $t3  $t4  $t5  $t6  $t7  $s0  $s1  $s2  $s3  $s4  $s5  $s6  $s7  $t8  $t9  $k0  $k1  $gp  $sp  $fp  $ra
 16 IF     0    0    0    0    0    0    0    0    0    0    0    0    0    0    0    0   48    0    0    0    0    0    0    0    0    0    0    0    0    0    0    3 
 92 ID     0    0    0    0    0    0    0    0    0    0    0    0    0    0    0    0   48    0    0    0    0    0    0    0    0    0    0    0    0    0    0    3 
 92 EX     0    0    0    0    0    0    0    0    0    0    0    0    0    0    0    0   48    0    0    0    0    0    0    0    0    0    0    0    0    0    0    3 
 92 MEM    0    0    0    0    0    0    0    0    0    0    0    0    0    0    0    0   48    0    0    0    0    0    0    0    0    0    0    0    0    0    0    3 
 92 WB     0    0    0    0    0    0    0    0    0    0    0    0    0    0    0    0   48    0    0    0    0    0    0    0    0    0    0    0    0    0    0    3 

