addi $t4, $zero, -5:
 PC FASE $zero $at  $v0  $v1  $a0  $a1  $a2  $a3  $t0  $t1  $t2  $t3  $t4  $t5  $t6  $t7  $s0  $s1  $s2  $s3  $s4  $s5  $s6  $s7  $t8  $t9  $k0  $k1  $gp  $sp  $fp  $ra
  0 IF     0    0    0    0    0    0    0    0    0    0    0    0    0    0    0    0    0    0    0    0    0    0    0    0    0    0    0    0    0    0    0    0 
  0 ID     0    0    0    0    0    0    0    0    0    0    0    0    0    0    0    0    0    0    0    0    0    0    0    0    0    0    0    0    0    0    0    0 
  0 EX     0    0    0    0    0    0    0    0    0    0    0    0    0    0    0    0    0    0    0    0    0    0    0    0    0    0    0    0    0    0    0    0 
  0 MEM    0    0    0    0    0    0    0    0    0    0    0    0    0    0    0    0    0    0    0    0    0    0    0    0    0    0    0    0    0    0    0    0 
  0 WB     0    0    0    0    0    0    0    0    0    0    0    0   -5    0    0    0    0    0    0    0    0    0    0    0    0    0    0    0    0    0    0    0 

addi $t5, $zero, 15:
 PC FASE $zero $at  $v0  $v1  $a0  $a1  $a2  $a3  $t0  $t1  $t2  $t3  $t4  $t5  $t6  $t7  $s0  $s1  $s2  $s3  $s4  $s5  $s6  $s7  $t8  $t9  $k0  $k1  $gp  $sp  $fp  $ra
  4 IF     0    0    0    0    0    0    0    0    0    0    0    0   -5    0    0    0    0    0    0    0    0    0    0    0    0    0    0    0    0    0    0    0 
  4 ID     0    0    0    0    0    0    0    0    0    0    0    0   -5    0    0    0    0    0    0    0    0    0    0    0    0    0    0    0    0    0    0    0 
  4 EX     0    0    0    0    0    0    0    0    0    0    0    0   -5    0    0    0    0    0    0    0    0    0    0    0    0    0    0    0    0    0    0    0 
  4 MEM    0    0    0    0    0    0    0    0    0    0    0    0   -5    0    0    0    0    0    0    0    0    0    0    0    0    0    0    0    0    0    0    0 
  4 WB     0    0    0    0    0    0    0    0    0    0    0    0   -5   15    0    0    0    0    0    0    0    0    0    0    0    0    0    0    0    0    0    0 

addi $s0, $zero, 10:
 PC FASE $zero $at  $v0  $v1  $a0  $a1  $a2  $a3  $t0  $t1  $t2  $t3  $t4  $t5  $t6  $t7  $s0  $s1  $s2  $s3  $s4  $s5  $s6  $s7  $t8  $t9  $k0  $k1  $gp  $sp  $fp  $ra
  8 IF     0    0    0    0    0    0    0    0    0    0    0    0   -5   15    0    0    0    0    0    0    0    0    0    0    0    0    0    0    0    0    0    0 
  8 ID     0    0    0    0    0    0    0    0    0    0    0    0   -5   15    0    0    0    0    0    0    0    0    0    0    0    0    0    0    0    0    0    0 
  8 EX     0    0    0    0    0    0    0    0    0    0    0    0   -5   15    0    0    0    0    0    0    0    0    0    0    0    0    0    0    0    0    0    0 
  8 MEM    0    0    0    0    0    0    0    0    0    0    0    0   -5   15    0    0    0    0    0    0    0    0    0    0    0    0    0    0    0    0    0    0 
  8 WB     0    0    0    0    0    0    0    0    0    0    0    0   -5   15    0    0   10    0    0    0    0    0    0    0    0    0    0    0    0    0    0    0 

add $t5, $t5, $t4:
 PC FASE $zero $at  $v0  $v1  $a0  $a1  $a2  $a3  $t0  $t1  $t2  $t3  $t4  $t5  $t6  $t7  $s0  $s1  $s2  $s3  $s4  $s5  $s6  $s7  $t8  $t9  $k0  $k1  $gp  $sp  $fp  $ra
 12 IF     0    0    0    0    0    0    0    0    0    0    0    0   -5   15    0    0   10    0    0    0    0    0    0    0    0    0    0    0    0    0    0    0 
 12 ID     0    0    0    0    0    0    0    0    0    0    0    0   -5   15    0    0   10    0    0    0    0    0    0    0    0    0    0    0    0    0    0    0 
 12 EX     0    0    0    0    0    0    0    0    0    0    0    0   -5   15    0    0   10    0    0    0    0    0    0    0    0    0    0    0    0    0    0    0 
 12 MEM    0    0    0    0    0    0    0    0    0    0    0    0   -5   15    0    0   10    0    0    0    0    0    0    0    0    0    0    0    0    0    0    0 
 12 WB     0    0    0    0    0    0    0    0    0    0    0    0   -5   10    0    0   10    0    0    0    0    0    0    0    0    0    0    0    0    0    0    0 

blt $t5, $zero, MENOR:
 PC FASE $zero $at  $v0  $v1  $a0  $a1  $a2  $a3  $t0  $t1  $t2  $t3  $t4  $t5  $t6  $t7  $s0  $s1  $s2  $s3  $s4  $s5  $s6  $s7  $t8  $t9  $k0  $k1  $gp  $sp  $fp  $ra
 16 IF     0    0    0    0    0    0    0    0    0    0    0    0   -5   10    0    0   10    0    0    0    0    0    0    0    0    0    0    0    0    0    0    0 
 16 ID     0    0    0    0    0    0    0    0    0    0    0    0   -5   10    0    0   10    0    0    0    0    0    0    0    0    0    0    0    0    0    0    0 
 16 EX     0    0    0    0    0    0    0    0    0    0    0    0   -5   10    0    0   10    0    0    0    0    0    0    0    0    0    0    0    0    0    0    0 
 16 MEM    0    0    0    0    0    0    0    0    0    0    0    0   -5   10    0    0   10    0    0    0    0    0    0    0    0    0    0    0    0    0    0    0 
 16 WB     0    0    0    0    0    0    0    0    0    0    0    0   -5   10    0    0   10    0    0    0    0    0    0    0    0    0    0    0    0    0    0    0 

bgt $t5, $zero, MAYOR:
 PC FASE $zero $at  $v0  $v1  $a0  $a1  $a2  $a3  $t0  $t1  $t2  $t3  $t4  $t5  $t6  $t7  $s0  $s1  $s2  $s3  $s4  $s5  $s6  $s7  $t8  $t9  $k0  $k1  $gp  $sp  $fp  $ra
 20 IF     0    0    0    0    0    0    0    0    0    0    0    0   -5   10    0    0   10    0    0    0    0    0    0    0    0    0    0    0    0    0    0    0 
 20 ID     0    0    0    0    0    0    0    0    0    0    0    0   -5   10    0    0   10    0    0    0    0    0    0    0    0    0    0    0    0    0    0    0 
 20 EX     0    0    0    0    0    0    0    0    0    0    0    0   -5   10    0    0   10    0    0    0    0    0    0    0    0    0    0    0    0    0    0    0 
 40 MEM    0    0    0    0    0    0    0    0    0    0    0    0   -5   10    0    0   10    0    0    0    0    0    0    0    0    0    0    0    0    0    0    0 
 40 WB     0    0    0    0    0    0    0    0    0    0    0    0   -5   10    0    0   10    0    0    0    0    0    0    0    0    0    0    0    0    0    0    0 

add $t6, $t5, $zero:
 PC FASE $zero $at  $v0  $v1  $a0  $a1  $a2  $a3  $t0  $t1  $t2  $t3  $t4  $t5  $t6  $t7  $s0  $s1  $s2  $s3  $s4  $s5  $s6  $s7  $t8  $t9  $k0  $k1  $gp  $sp  $fp  $ra
 40 IF     0    0    0    0    0    0    0    0    0    0    0    0   -5   10    0    0   10    0    0    0    0    0    0    0    0    0    0    0    0    0    0    0 
 40 ID     0    0    0    0    0    0    0    0    0    0    0    0   -5   10    0    0   10    0    0    0    0    0    0    0    0    0    0    0    0    0    0    0 
 40 EX     0    0    0    0    0    0    0    0    0    0    0    0   -5   10    0    0   10    0    0    0    0    0    0    0    0    0    0    0    0    0    0    0 
 40 MEM    0    0    0    0    0    0    0    0    0    0    0    0   -5   10    0    0   10    0    0    0    0    0    0    0    0    0    0    0    0    0    0    0 
 40 WB     0    0    0    0    0    0    0    0    0    0    0    0   -5   10   10    0   10    0    0    0    0    0    0    0    0    0    0    0    0    0    0    0 

mul $t6, $t6, $t6:
 PC FASE $zero $at  $v0  $v1  $a0  $a1  $a2  $a3  $t0  $t1  $t2  $t3  $t4  $t5  $t6  $t7  $s0  $s1  $s2  $s3  $s4  $s5  $s6  $s7  $t8  $t9  $k0  $k1  $gp  $sp  $fp  $ra
 44 IF     0    0    0    0    0    0    0    0    0    0    0    0   -5   10   10    0   10    0    0    0    0    0    0    0    0    0    0    0    0    0    0    0 
 44 ID     0    0    0    0    0    0    0    0    0    0    0    0   -5   10   10    0   10    0    0    0    0    0    0    0    0    0    0    0    0    0    0    0 
 44 EX     0    0    0    0    0    0    0    0    0    0    0    0   -5   10   10    0   10    0    0    0    0    0    0    0    0    0    0    0    0    0    0    0 
 44 MEM    0    0    0    0    0    0    0    0    0    0    0    0   -5   10   10    0   10    0    0    0    0    0    0    0    0    0    0    0    0    0    0    0 
 44 WB     0    0    0    0    0    0    0    0    0    0    0    0   -5   10  100    0   10    0    0    0    0    0    0    0    0    0    0    0    0    0    0    0 

sub $t5, $t5, $t6:
 PC FASE $zero $at  $v0  $v1  $a0  $a1  $a2  $a3  $t0  $t1  $t2  $t3  $t4  $t5  $t6  $t7  $s0  $s1  $s2  $s3  $s4  $s5  $s6  $s7  $t8  $t9  $k0  $k1  $gp  $sp  $fp  $ra
 48 IF     0    0    0    0    0    0    0    0    0    0    0    0   -5   10  100    0   10    0    0    0    0    0    0    0    0    0    0    0    0    0    0    0 
 48 ID     0    0    0    0    0    0    0    0    0    0    0    0   -5   10  100    0   10    0    0    0    0    0    0    0    0    0    0    0    0    0    0    0 
 48 EX     0    0    0    0    0    0    0    0    0    0    0    0   -5   10  100    0   10    0    0    0    0    0    0    0    0    0    0    0    0    0    0    0 
 48 MEM    0    0    0    0    0    0    0    0    0    0    0    0   -5   10  100    0   10    0    0    0    0    0    0    0    0    0    0    0    0    0    0    0 
 48 WB     0    0    0    0    0    0    0    0    0    0    0    0   -5  -90  100    0   10    0    0    0    0    0    0    0    0    0    0    0    0    0    0    0 

j BRANCH:
 PC FASE $zero $at  $v0  $v1  $a0  $a1  $a2  $a3  $t0  $t1  $t2  $t3  $t4  $t5  $t6  $t7  $s0  $s1  $s2  $s3  $s4  $s5  $s6  $s7  $t8  $t9  $k0  $k1  $gp  $sp  $fp  $ra
 52 IF     0    0    0    0    0    0    0    0    0    0    0    0   -5  -90  100    0   10    0    0    0    0    0    0    0    0    0    0    0    0    0    0    0 
 16 ID     0    0    0    0    0    0    0    0    0    0    0    0   -5  -90  100    0   10    0    0    0    0    0    0    0    0    0    0    0    0    0    0    0 
 16 EX     0    0    0    0    0    0    0    0    0    0    0    0   -5  -90  100    0   10    0    0    0    0    0    0    0    0    0    0    0    0    0    0    0 
 16 MEM    0    0    0    0    0    0    0    0    0    0    0    0   -5  -90  100    0   10    0    0    0    0    0    0    0    0    0    0    0    0    0    0    0 
 16 WB     0    0    0    0    0    0    0    0    0    0    0    0   -5  -90  100    0   10    0    0    0    0    0    0    0    0    0    0    0    0    0    0    0 

blt $t5, $zero, MENOR:
 PC FASE $zero $at  $v0  $v1  $a0  $a1  $a2  $a3  $t0  $t1  $t2  $t3  $t4  $t5  $t6  $t7  $s0  $s1  $s2  $s3  $s4  $s5  $s6  $s7  $t8  $t9  $k0  $k1  $gp  $sp  $fp  $ra
 16 IF     0    0    0    0    0    0    0    0    0    0    0    0   -5  -90  100    0   10    0    0    0    0    0    0    0    0    0    0    0    0    0    0    0 
 16 ID     0    0    0    0    0    0    0    0    0    0    0    0   -5  -90  100    0   10    0    0    0    0    0    0    0    0    0    0    0    0    0    0    0 
 16 EX     0    0    0    0    0    0    0    0    0    0    0    0   -5  -90  100    0   10    0    0    0    0    0    0    0    0    0    0    0    0    0    0    0 
 24 MEM    0    0    0    0    0    0    0    0    0    0    0    0   -5  -90  100    0   10    0    0    0    0    0    0    0    0    0    0    0    0    0    0    0 
 24 WB     0    0    0    0    0    0    0    0    0    0    0    0   -5  -90  100    0   10    0    0    0    0    0    0    0    0    0    0    0    0    0    0    0 

sub $s3, $zero, $t5:
 PC FASE $zero $at  $v0  $v1  $a0  $a1  $a2  $a3  $t0  $t1  $t2  $t3  $t4  $t5  $t6  $t7  $s0  $s1  $s2  $s3  $s4  $s5  $s6  $s7  $t8  $t9  $k0  $k1  $gp  $sp  $fp  $ra
 24 IF     0    0    0    0    0    0    0    0    0    0    0    0   -5  -90  100    0   10    0    0    0    0    0    0    0    0    0    0    0    0    0    0    0 
 24 ID     0    0    0    0    0    0    0    0    0    0    0    0   -5  -90  100    0   10    0    0    0    0    0    0    0    0    0    0    0    0    0    0    0 
 24 EX     0    0    0    0    0    0    0    0    0    0    0    0   -5  -90  100    0   10    0    0    0    0    0    0    0    0    0    0    0    0    0    0    0 
 24 MEM    0    0    0    0    0    0    0    0    0    0    0    0   -5  -90  100    0   10    0    0    0    0    0    0    0    0    0    0    0    0    0    0    0 
 24 WB     0    0    0    0    0    0    0    0    0    0    0    0   -5  -90  100    0   10    0    0   90    0    0    0    0    0    0    0    0    0    0    0    0 

addi $t1, $zero, 10:
 PC FASE $zero $at  $v0  $v1  $a0  $a1  $a2  $a3  $t0  $t1  $t2  $t3  $t4  $t5  $t6  $t7  $s0  $s1  $s2  $s3  $s4  $s5  $s6  $s7  $t8  $t9  $k0  $k1  $gp  $sp  $fp  $ra
 28 IF     0    0    0    0    0    0    0    0    0    0    0    0   -5  -90  100    0   10    0    0   90    0    0    0    0    0    0    0    0    0    0    0    0 
 28 ID     0    0    0    0    0    0    0    0    0    0    0    0   -5  -90  100    0   10    0    0   90    0    0    0    0    0    0    0    0    0    0    0    0 
 28 EX     0    0    0    0    0    0    0    0    0    0    0    0   -5  -90  100    0   10    0    0   90    0    0    0    0    0    0    0    0    0    0    0    0 
 28 MEM    0    0    0    0    0    0    0    0    0    0    0    0   -5  -90  100    0   10    0    0   90    0    0    0    0    0    0    0    0    0    0    0    0 
 28 WB     0    0    0    0    0    0    0    0    0   10    0    0   -5  -90  100    0   10    0    0   90    0    0    0    0    0    0    0    0    0    0    0    0 

sub $s3, $s3, $t1:
 PC FASE $zero $at  $v0  $v1  $a0  $a1  $a2  $a3  $t0  $t1  $t2  $t3  $t4  $t5  $t6  $t7  $s0  $s1  $s2  $s3  $s4  $s5  $s6  $s7  $t8  $t9  $k0  $k1  $gp  $sp  $fp  $ra
 32 IF     0    0    0    0    0    0    0    0    0   10    0    0   -5  -90  100    0   10    0    0   90    0    0    0    0    0    0    0    0    0    0    0    0 
 32 ID     0    0    0    0    0    0    0    0    0   10    0    0   -5  -90  100    0   10    0    0   90    0    0    0    0    0    0    0    0    0    0    0    0 
 32 EX     0    0    0    0    0    0    0    0    0   10    0    0   -5  -90  100    0   10    0    0   90    0    0    0    0    0    0    0    0    0    0    0    0 
 32 MEM    0    0    0    0    0    0    0    0    0   10    0    0   -5  -90  100    0   10    0    0   90    0    0    0    0    0    0    0    0    0    0    0    0 
 32 WB     0    0    0    0    0    0    0    0    0   10    0    0   -5  -90  100    0   10    0    0   80    0    0    0    0    0    0    0    0    0    0    0    0 

j END:
 PC FASE $zero $at  $v0  $v1  $a0  $a1  $a2  $a3  $t0  $t1  $t2  $t3  $t4  $t5  $t6  $t7  $s0  $s1  $s2  $s3  $s4  $s5  $s6  $s7  $t8  $t9  $k0  $k1  $gp  $sp  $fp  $ra
 36 IF     0    0    0    0    0    0    0    0    0   10    0    0   -5  -90  100    0   10    0    0   80    0    0    0    0    0    0    0    0    0    0    0    0 
 56 ID     0    0    0    0    0    0    0    0    0   10    0    0   -5  -90  100    0   10    0    0   80    0    0    0    0    0    0    0    0    0    0    0    0 
 56 EX     0    0    0    0    0    0    0    0    0   10    0    0   -5  -90  100    0   10    0    0   80    0    0    0    0    0    0    0    0    0    0    0    0 
 56 MEM    0    0    0    0    0    0    0    0    0   10    0    0   -5  -90  100    0   10    0    0   80    0    0    0    0    0    0    0    0    0    0    0    0 
 56 WB     0    0    0    0    0    0    0    0    0   10    0    0   -5  -90  100    0   10    0    0   80    0    0    0    0    0    0    0    0    0    0    0    0 

div $s2, $s3, $s0:
 PC FASE $zero $at  $v0  $v1  $a0  $a1  $a2  $a3  $t0  $t1  $t2  $t3  $t4  $t5  $t6  $t7  $s0  $s1  $s2  $s3  $s4  $s5  $s6  $s7  $t8  $t9  $k0  $k1  $gp  $sp  $fp  $ra
 56 IF     0    0    0    0    0    0    0    0    0   10    0    0   -5  -90  100    0   10    0    0   80    0    0    0    0    0    0    0    0    0    0    0    0 
 56 ID     0    0    0    0    0    0    0    0    0   10    0    0   -5  -90  100    0   10    0    0   80    0    0    0    0    0    0    0    0    0    0    0    0 
 56 EX     0    0    0    0    0    0    0    0    0   10    0    0   -5  -90  100    0   10    0    0   80    0    0    0    0    0    0    0    0    0    0    0    0 
 56 MEM    0    0    0    0    0    0    0    0    0   10    0    0   -5  -90  100    0   10    0    0   80    0    0    0    0    0    0    0    0    0    0    0    0 
 56 WB     0    0    0    0    0    0    0    0    0   10    0    0   -5  -90  100    0   10    0    8   80    0    0    0    0    0    0    0    0    0    0    0    0 

div $s6, $s3, $t5:
 PC FASE $zero $at  $v0  $v1  $a0  $a1  $a2  $a3  $t0  $t1  $t2  $t3  $t4  $t5  $t6  $t7  $s0  $s1  $s2  $s3  $s4  $s5  $s6  $s7  $t8  $t9  $k0  $k1  $gp  $sp  $fp  $ra
 60 IF     0    0    0    0    0    0    0    0    0   10    0    0   -5  -90  100    0   10    0    8   80    0    0    0    0    0    0    0    0    0    0    0    0 
 60 ID     0    0    0    0    0    0    0    0    0   10    0    0   -5  -90  100    0   10    0    8   80    0    0    0    0    0    0    0    0    0    0    0    0 
 60 EX     0    0    0    0    0    0    0    0    0   10    0    0   -5  -90  100    0   10    0    8   80    0    0    0    0    0    0    0    0    0    0    0    0 
 60 MEM    0    0    0    0    0    0    0    0    0   10    0    0   -5  -90  100    0   10    0    8   80    0    0    0    0    0    0    0    0    0    0    0    0 
 60 WB     0    0    0    0    0    0    0    0    0   10    0    0   -5  -90  100    0   10    0    8   80    0    0    0    0    0    0    0    0    0    0    0    0 

